fips,state,county,labor_force12,employed12,unemployed12,unemp_rate12,labor_force15,employed15,unemployed15,unemp_rate15,labor_force16,employed16,unemployed16,unemp_rate16
10001,DE,Kent,74287,68394,5893,7.9,76292,72184,4108,5.4,77259,73467,3792,4.9
10003,DE,New Castle,278342,258855,19487,7,291341,277640,13701,4.7,293884,280885,12999,4.4
10005,DE,Sussex,92942,86207,6735,7.2,98099,93276,4823,4.9,101100,96560,4540,4.5
1001,AL,Autauga,25740,23961,1779,6.9,25613,24283,1330,5.2,25966,24645,1321,5.1
1003,AL,Baldwin,84414,78065,6349,7.5,87741,82882,4859,5.5,90670,85839,4831,5.3
1005,AL,Barbour,9362,8283,1079,11.5,8613,7848,765,8.9,8417,7717,700,8.3
1007,AL,Bibb,8798,8047,751,8.5,8576,8009,567,6.6,8623,8067,556,6.4
1009,AL,Blount,24960,23244,1716,6.9,24485,23163,1322,5.4,24623,23298,1325,5.4
1011,AL,Bullock,4736,4245,491,10.4,4779,4400,379,7.9,4833,4503,330,6.8
1013,AL,Butler,9088,8039,1049,11.5,9138,8444,694,7.6,9206,8571,635,6.9
1015,AL,Calhoun,49649,45252,4397,8.9,45928,42699,3229,7,45902,42906,2996,6.5
1017,AL,Chambers,15140,13646,1494,9.9,14980,14076,904,6,15006,14188,818,5.5
1019,AL,Cherokee,11268,10363,905,8,11162,10554,608,5.4,11353,10780,573,5
1021,AL,Chilton,19383,17982,1401,7.2,19143,18063,1080,5.6,19219,18167,1052,5.5
1023,AL,Choctaw,4791,4297,494,10.3,4380,3982,398,9.1,4334,3966,368,8.5
1025,AL,Clarke,8374,7116,1258,15,7994,7057,937,11.7,7966,7102,864,10.8
1027,AL,Clay,5413,4905,508,9.4,5551,5211,340,6.1,5634,5300,334,5.9
1029,AL,Cleburne,5838,5358,480,8.2,5680,5338,342,6,5796,5450,346,6
1031,AL,Coffee,20612,19159,1453,7,20279,19071,1208,6,20633,19424,1209,5.9
1033,AL,Colbert,24026,21922,2104,8.8,23613,21743,1870,7.9,23491,21862,1629,6.9
1035,AL,Conecuh,4635,4082,553,11.9,4683,4251,432,9.2,4556,4173,383,8.4
1037,AL,Coosa,4445,4029,416,9.4,4428,4132,296,6.7,4387,4126,261,5.9
1039,AL,Covington,16345,14978,1367,8.4,15464,14360,1104,7.1,15519,14472,1047,6.7
1041,AL,Crenshaw,6251,5732,519,8.3,6358,5977,381,6,6463,6085,378,5.8
1043,AL,Cullman,35568,32835,2733,7.7,36403,34489,1914,5.3,37971,36087,1884,5
1045,AL,Dale,21370,19781,1589,7.4,19846,18584,1262,6.4,19993,18839,1154,5.8
1047,AL,Dallas,16746,14583,2163,12.9,15596,14101,1495,9.6,15443,14023,1420,9.2
1049,AL,DeKalb,28833,26224,2609,9,28780,27035,1745,6.1,29283,27511,1772,6.1
1051,AL,Elmore,36629,34087,2542,6.9,36760,34914,1846,5,37292,35521,1771,4.7
1053,AL,Escambia,14732,13374,1358,9.2,14604,13578,1026,7,14577,13611,966,6.6
1055,AL,Etowah,44232,40589,3643,8.2,42703,40064,2639,6.2,43345,40787,2558,5.9
1057,AL,Fayette,6503,5943,560,8.6,6425,5974,451,7,6607,6163,444,6.7
1059,AL,Franklin,13976,12806,1170,8.4,13667,12788,879,6.4,13889,13074,815,5.9
1061,AL,Geneva,11274,10421,853,7.6,10791,10152,639,5.9,10825,10200,625,5.8
1063,AL,Greene,3125,2701,424,13.6,2879,2560,319,11.1,2876,2591,285,9.9
1065,AL,Hale,6212,5499,713,11.5,6050,5580,470,7.8,5991,5534,457,7.6
1067,AL,Henry,7030,6447,583,8.3,6718,6262,456,6.8,6733,6295,438,6.5
1069,AL,Houston,46054,42578,3476,7.5,44562,41786,2776,6.2,44624,42048,2576,5.8
1071,AL,Jackson,23731,21695,2036,8.6,23472,21911,1561,6.7,23623,22136,1487,6.3
1073,AL,Jefferson,316511,293020,23491,7.4,311020,293095,17925,5.8,311710,293873,17837,5.7
1075,AL,Lamar,5806,5369,437,7.5,5618,5263,355,6.3,5699,5379,320,5.6
1077,AL,Lauderdale,43409,40084,3325,7.7,42662,39705,2957,6.9,42599,39895,2704,6.3
1079,AL,Lawrence,14391,13094,1297,9,13679,12622,1057,7.7,13742,12795,947,6.9
1081,AL,Lee,68918,64247,4671,6.8,70891,67171,3720,5.2,72474,68690,3784,5.2
1083,AL,Limestone,38990,36311,2679,6.9,39962,37775,2187,5.5,40753,38621,2132,5.2
1085,AL,Lowndes,4081,3452,629,15.4,3828,3387,441,11.5,3806,3405,401,10.5
1087,AL,Macon,8286,7397,889,10.7,7972,7330,642,8.1,7881,7282,599,7.6
1089,AL,Madison,170209,158399,11810,6.9,170963,161591,9372,5.5,173846,164964,8882,5.1
1091,AL,Marengo,7650,6873,777,10.2,7407,6842,565,7.6,7684,7136,548,7.1
1093,AL,Marion,12451,11340,1111,8.9,12488,11621,867,6.9,12517,11690,827,6.6
1095,AL,Marshall,40686,37523,3163,7.8,40405,38067,2338,5.8,41652,39434,2218,5.3
1097,AL,Mobile,188626,171312,17314,9.2,186989,174138,12851,6.9,188082,175642,12440,6.6
1099,AL,Monroe,7971,6971,1000,12.5,7342,6604,738,10.1,7326,6664,662,9
11001,District of Columbia,District of Columbia,364989,331984,33005,9,389218,362420,26798,6.9,395424,371295,24129,6.1
1101,AL,Montgomery,107320,98666,8654,8.1,105091,98690,6401,6.1,105928,99944,5984,5.6
1103,AL,Morgan,57410,52931,4479,7.8,54935,51702,3233,5.9,54957,51923,3034,5.5
1105,AL,Perry,3683,3192,491,13.3,3486,3138,348,10,3472,3115,357,10.3
1107,AL,Pickens,7467,6709,758,10.2,8011,7469,542,6.8,7779,7246,533,6.9
1109,AL,Pike,15017,13819,1198,8,14945,13963,982,6.6,14973,14002,971,6.5
1111,AL,Randolph,9143,8304,839,9.2,9437,8880,557,5.9,9444,8918,526,5.6
1113,AL,Russell,24911,22725,2186,8.8,24116,22685,1431,5.9,23571,22264,1307,5.5
1115,AL,St. Clair,38516,35871,2645,6.9,38582,36569,2013,5.2,39145,37122,2023,5.2
1117,AL,Shelby,105458,100158,5300,5,108246,103691,4555,4.2,109762,105053,4709,4.3
1119,AL,Sumter,5417,4848,569,10.5,5110,4702,408,8,5119,4726,393,7.7
1121,AL,Talladega,35013,31731,3282,9.4,35147,32839,2308,6.6,34872,32576,2296,6.6
1123,AL,Tallapoosa,18441,16850,1591,8.6,18748,17606,1142,6.1,18611,17575,1036,5.6
1125,AL,Tuscaloosa,95340,88683,6657,7,98905,93526,5379,5.4,99416,93818,5598,5.6
1127,AL,Walker,26574,24136,2438,9.2,25572,23726,1846,7.2,25607,23706,1901,7.4
1129,AL,Washington,6875,6054,821,11.9,6702,6105,597,8.9,6752,6172,580,8.6
1131,AL,Wilcox,2883,2308,575,19.9,2825,2411,414,14.7,2822,2416,406,14.4
1133,AL,Winston,9607,8647,960,10,9379,8673,706,7.5,9548,8872,676,7.1
12001,FL,Alachua,130007,121373,8634,6.6,129313,123330,5983,4.6,132521,126849,5672,4.3
12003,FL,Baker,11347,10374,973,8.6,11156,10532,624,5.6,11409,10853,556,4.9
12005,FL,Bay,86694,79206,7488,8.6,87413,82618,4795,5.5,87847,83662,4185,4.8
12007,FL,Bradford,11152,10307,845,7.6,10730,10210,520,4.8,10852,10390,462,4.3
12009,FL,Brevard,262648,237972,24676,9.4,256081,240693,15388,6,262336,248927,13409,5.1
12011,FL,Broward,963563,886780,76783,8,986758,936033,50725,5.1,1003202,958071,45131,4.5
12013,FL,Calhoun,5093,4627,466,9.1,4935,4632,303,6.1,4982,4696,286,5.7
12015,FL,Charlotte,65886,59621,6265,9.5,67565,63496,4069,6,69230,65546,3684,5.3
12017,FL,Citrus,51550,46006,5544,10.8,47745,44146,3599,7.5,47800,44588,3212,6.7
12019,FL,Clay,96340,89002,7338,7.6,98313,93342,4971,5.1,100942,96402,4540,4.5
12021,FL,Collier,152762,139883,12879,8.4,163458,154844,8614,5.3,169065,161176,7889,4.7
12023,FL,Columbia,28041,25567,2474,8.8,28936,27338,1598,5.5,29734,28286,1448,4.9
12027,FL,DeSoto,12899,11616,1283,9.9,13359,12581,778,5.8,13459,12751,708,5.3
12029,FL,Dixie,5809,5215,594,10.2,5578,5230,348,6.2,5646,5339,307,5.4
12031,FL,Duval,456398,416680,39718,8.7,459914,433142,26772,5.8,467244,444319,22925,4.9
12033,FL,Escambia,139701,127948,11753,8.4,137919,130199,7720,5.6,140836,133868,6968,4.9
12035,FL,Flagler,42156,37998,4158,9.9,43612,40862,2750,6.3,45303,42813,2490,5.5
12037,FL,Franklin,5051,4724,327,6.5,4766,4541,225,4.7,4732,4527,205,4.3
12039,FL,Gadsden,18900,16952,1948,10.3,18185,16873,1312,7.2,18192,17053,1139,6.3
12041,FL,Gilchrist,6717,6108,609,9.1,6490,6121,369,5.7,6671,6338,333,5
12043,FL,Glades,5701,5262,439,7.7,4704,4367,337,7.2,4714,4420,294,6.2
12045,FL,Gulf,6091,5598,493,8.1,5987,5671,316,5.3,5961,5684,277,4.6
12047,FL,Hamilton,5175,4717,458,8.9,4516,4222,294,6.5,4653,4390,263,5.7
12049,FL,Hardee,11844,10792,1052,8.9,10077,9371,706,7,9247,8633,614,6.6
12051,FL,Hendry,17004,14830,2174,12.8,15077,13469,1608,10.7,15391,14082,1309,8.5
12053,FL,Hernando,66289,59281,7008,10.6,66008,61402,4606,7,67864,63763,4101,6
12055,FL,Highlands,37385,33542,3843,10.3,35291,32638,2653,7.5,35694,33362,2332,6.5
12057,FL,Hillsborough,668540,615740,52800,7.9,688343,653455,34888,5.1,706663,675394,31269,4.4
12059,FL,Holmes,7166,6534,632,8.8,6682,6270,412,6.2,6706,6344,362,5.4
12061,FL,Indian River,62012,55217,6795,11,61131,56931,4200,6.9,62131,58395,3736,6
12063,FL,Jackson,18067,16502,1565,8.7,17287,16265,1022,5.9,17324,16421,903,5.2
12065,FL,Jefferson,5505,4996,509,9.2,5367,5046,321,6,5382,5099,283,5.3
12067,FL,Lafayette,3485,3286,199,5.7,3201,3053,148,4.6,2965,2836,129,4.4
12069,FL,Lake,134048,122203,11845,8.8,140587,132816,7771,5.5,145974,138893,7081,4.9
12071,FL,Lee,292354,266535,25819,8.8,318898,302395,16503,5.2,329055,313867,15188,4.6
12073,FL,Leon,149342,138903,10439,7,147346,139916,7430,5,150092,143297,6795,4.5
12075,FL,Levy,16732,15176,1556,9.3,16423,15471,952,5.8,16633,15774,859,5.2
12077,FL,Liberty,2747,2529,218,7.9,2635,2479,156,5.9,2635,2500,135,5.1
12079,FL,Madison,7999,7313,686,8.6,7465,7005,460,6.2,7319,6935,384,5.2
12081,FL,Manatee,150763,138509,12254,8.1,164648,156279,8369,5.1,170456,162699,7757,4.6
12083,FL,Marion,130450,117140,13310,10.2,129990,121531,8459,6.5,131913,124245,7668,5.8
12085,FL,Martin,67147,61568,5579,8.3,69398,65662,3736,5.4,70833,67404,3429,4.8
12086,FL,Miami-Dade,1282458,1176385,106073,8.3,1308410,1232427,75983,5.8,1324474,1256325,68149,5.1
12087,FL,Monroe,43928,41431,2497,5.7,45712,44115,1597,3.5,46410,44934,1476,3.2
12089,FL,Nassau,35950,33059,2891,8,36507,34626,1881,5.2,37743,36047,1696,4.5
12091,FL,Okaloosa,91453,85311,6142,6.7,91599,87437,4162,4.5,93159,89419,3740,4
12093,FL,Okeechobee,18321,16495,1826,10,17224,16136,1088,6.3,18131,17201,930,5.1
12095,FL,Orange,653886,600251,53635,8.2,685068,650561,34507,5,705953,675257,30696,4.3
12097,FL,Osceola,143550,129979,13571,9.5,157052,147955,9097,5.8,164117,155983,8134,5
12099,FL,Palm Beach,660634,604549,56085,8.5,689849,654533,35316,5.1,708677,675422,33255,4.7
12101,FL,Pasco,208712,189824,18888,9,215067,202400,12667,5.9,222330,210938,11392,5.1
12103,FL,Pinellas,467029,429860,37169,8,469965,446630,23335,5,477837,457088,20749,4.3
12105,FL,Polk,277091,250458,26633,9.6,279553,261825,17728,6.3,286641,270817,15824,5.5
12107,FL,Putnam,28930,25513,3417,11.8,27226,25142,2084,7.7,26954,25241,1713,6.4
12109,FL,St. Johns,104055,97255,6800,6.5,113209,108733,4476,4,118494,114014,4480,3.8
12111,FL,St. Lucie,129091,114967,14124,10.9,131118,122739,8379,6.4,135087,127280,7807,5.8
12113,FL,Santa Rosa,72665,67192,5473,7.5,73856,70274,3582,4.8,76061,72633,3428,4.5
12115,FL,Sarasota,168019,153858,14161,8.4,177559,168530,9029,5.1,180870,172654,8216,4.5
12117,FL,Seminole,231131,212462,18669,8.1,236290,224626,11664,4.9,241834,231507,10327,4.3
12119,FL,Sumter,26860,24028,2832,10.5,28592,26387,2205,7.7,29362,27261,2101,7.2
12121,FL,Suwannee,18342,16871,1471,8,17910,16930,980,5.5,18169,17280,889,4.9
12123,FL,Taylor,9408,8564,844,9,8967,8363,604,6.7,8829,8353,476,5.4
12125,FL,Union,5087,4720,367,7.2,4729,4498,231,4.9,4792,4585,207,4.3
12127,FL,Volusia,237385,214879,22506,9.5,238316,224339,13977,5.9,245272,232868,12404,5.1
12129,FL,Wakulla,14121,13092,1029,7.3,13939,13287,652,4.7,14284,13694,590,4.1
12131,FL,Walton,26271,24360,1911,7.3,27801,26491,1310,4.7,28917,27676,1241,4.3
12133,FL,Washington,10064,9176,888,8.8,9595,9023,572,6,9692,9195,497,5.1
13001,GA,Appling,8982,7975,1007,11.2,8650,8018,632,7.3,9189,8604,585,6.4
13003,GA,Atkinson,3446,3048,398,11.5,3854,3633,221,5.7,3976,3769,207,5.2
13005,GA,Bacon,4557,4116,441,9.7,4882,4602,280,5.7,4982,4722,260,5.2
13007,GA,Baker,1172,1043,129,11,1120,1039,81,7.2,1181,1090,91,7.7
13009,GA,Baldwin,18881,16689,2192,11.6,17701,16345,1356,7.7,17633,16430,1203,6.8
13011,GA,Banks,8591,7885,706,8.2,8199,7742,457,5.6,8816,8389,427,4.8
13013,GA,Barrow,34566,31581,2985,8.6,36021,34127,1894,5.3,37699,35927,1772,4.7
13015,GA,Bartow,47422,42716,4706,9.9,46726,43978,2748,5.9,48191,45731,2460,5.1
13017,GA,Ben Hill,6183,5321,862,13.9,5462,4970,492,9,5547,5093,454,8.2
13019,GA,Berrien,7859,7054,805,10.2,7027,6522,505,7.2,7220,6779,441,6.1
13021,GA,Bibb,71737,64176,7561,10.5,67741,63234,4507,6.7,68646,64580,4066,5.9
13023,GA,Bleckley,5282,4617,665,12.6,4360,3988,372,8.5,4502,4146,356,7.9
13025,GA,Brantley,7440,6546,894,12,6886,6373,513,7.4,7095,6620,475,6.7
13027,GA,Brooks,6808,6184,624,9.2,6867,6449,418,6.1,7011,6644,367,5.2
13029,GA,Bryan,15153,13896,1257,8.3,16103,15257,846,5.3,16929,16108,821,4.8
13031,GA,Bulloch,33926,30602,3324,9.8,34644,32544,2100,6.1,35964,33912,2052,5.7
13033,GA,Burke,9718,8517,1201,12.4,9106,8367,739,8.1,9241,8531,710,7.7
13035,GA,Butts,10375,9311,1064,10.3,10098,9427,671,6.6,10378,9795,583,5.6
13037,GA,Calhoun,2375,2190,185,7.8,2123,1991,132,6.2,2163,2041,122,5.6
13039,GA,Camden,21882,20003,1879,8.6,22241,21008,1233,5.5,20351,19183,1168,5.7
13043,GA,Candler,5187,4737,450,8.7,4954,4672,282,5.7,5072,4830,242,4.8
13045,GA,Carroll,52013,46676,5337,10.3,51647,48177,3470,6.7,53541,50337,3204,6
13047,GA,Catoosa,32250,29840,2410,7.5,31288,29654,1634,5.2,32173,30624,1549,4.8
13049,GA,Charlton,4980,4515,465,9.3,4754,4450,304,6.4,4740,4474,266,5.6
13051,GA,Chatham,131983,119798,12185,9.2,132895,125127,7768,5.8,136081,128973,7108,5.2
13053,GA,Chattahoochee,2601,2296,305,11.7,2104,1920,184,8.7,2059,1889,170,8.3
13055,GA,Chattooga,10642,9552,1090,10.2,10523,9874,649,6.2,10435,9779,656,6.3
13057,GA,Cherokee,115046,106895,8151,7.1,120022,114411,5611,4.7,125900,120561,5339,4.2
13059,GA,Clarke,58146,53081,5065,8.7,56979,53512,3467,6.1,58761,55533,3228,5.5
13061,GA,Clay,1009,883,126,12.5,857,756,101,11.8,883,792,91,10.3
13063,GA,Clayton,127655,112298,15357,12,126041,116435,9606,7.6,130760,122159,8601,6.6
13065,GA,Clinch,2917,2634,283,9.7,2765,2571,194,7,2769,2599,170,6.1
13067,GA,Cobb,388649,358646,30003,7.7,397186,377070,20116,5.1,410112,391343,18769,4.6
13069,GA,Coffee,17477,15483,1994,11.4,17243,16084,1159,6.7,18086,17038,1048,5.8
13071,GA,Colquitt,21009,19162,1847,8.8,19996,18719,1277,6.4,21099,19995,1104,5.2
13073,GA,Columbia,64708,60188,4520,7,68455,65025,3430,5,71048,67761,3287,4.6
13075,GA,Cook,7534,6821,713,9.5,7267,6782,485,6.7,7523,7117,406,5.4
13077,GA,Coweta,65493,60271,5222,8,67667,64075,3592,5.3,70400,66914,3486,5
13079,GA,Crawford,5831,5259,572,9.8,5560,5210,350,6.3,5677,5344,333,5.9
13081,GA,Crisp,9177,8030,1147,12.5,9400,8757,643,6.8,9189,8637,552,6
13083,GA,Dade,8386,7747,639,7.6,7831,7402,429,5.5,8017,7614,403,5
13085,GA,Dawson,10859,9928,931,8.6,10915,10358,557,5.1,11331,10803,528,4.7
13087,GA,Decatur,12246,11006,1240,10.1,11362,10590,772,6.8,11473,10713,760,6.6
13089,GA,DeKalb,370150,335318,34832,9.4,372077,349629,22448,6,382702,362151,20551,5.4
13091,GA,Dodge,8152,7212,940,11.5,6937,6356,581,8.4,7015,6507,508,7.2
13093,GA,Dooly,4813,4260,553,11.5,4746,4388,358,7.5,4950,4664,286,5.8
13095,GA,Dougherty,40905,36288,4617,11.3,37774,34859,2915,7.7,38158,35556,2602,6.8
13097,GA,Douglas,66984,60547,6437,9.6,68150,63833,4317,6.3,70221,66334,3887,5.5
13099,GA,Early,4489,4033,456,10.2,4347,4045,302,6.9,4400,4099,301,6.8
13101,GA,Echols,1807,1674,133,7.4,1861,1774,87,4.7,1883,1802,81,4.3
13103,GA,Effingham,25958,23786,2172,8.4,27094,25710,1384,5.1,28415,27050,1365,4.8
13105,GA,Elbert,8557,7481,1076,12.6,7593,7029,564,7.4,7729,7230,499,6.5
13107,GA,Emanuel,9090,7967,1123,12.4,8295,7569,726,8.8,8446,7795,651,7.7
13109,GA,Evans,4804,4393,411,8.6,4651,4391,260,5.6,4788,4554,234,4.9
13111,GA,Fannin,10020,8996,1024,10.2,10085,9461,624,6.2,10828,10251,577,5.3
13113,GA,Fayette,53498,49458,4040,7.6,54014,51213,2801,5.2,55714,53099,2615,4.7
13115,GA,Floyd,44808,39913,4895,10.9,42863,40002,2861,6.7,43497,40895,2602,6
13117,GA,Forsyth,93750,87542,6208,6.6,104129,99407,4722,4.5,111003,106392,4611,4.2
13119,GA,Franklin,9543,8466,1077,11.3,9260,8679,581,6.3,9787,9277,510,5.2
13121,GA,Fulton,511185,464673,46512,9.1,513270,482603,30667,6,531088,502625,28463,5.4
13123,GA,Gilmer,12158,10874,1284,10.6,11691,10985,706,6,11834,11165,669,5.7
13125,GA,Glascock,1322,1194,128,9.7,1230,1148,82,6.7,1268,1192,76,6
13127,GA,Glynn,38791,35114,3677,9.5,37590,35308,2282,6.1,39176,37105,2071,5.3
13129,GA,Gordon,26845,24216,2629,9.8,26081,24541,1540,5.9,25299,23888,1411,5.6
13131,GA,Grady,10831,9902,929,8.6,10394,9769,625,6,10253,9698,555,5.4
13133,GA,Greene,6420,5708,712,11.1,6809,6358,451,6.6,6604,6206,398,6
13135,GA,Gwinnett,434145,400458,33687,7.8,451210,427813,23397,5.2,467718,445552,22166,4.7
13137,GA,Habersham,18427,16673,1754,9.5,18765,17692,1073,5.7,19302,18286,1016,5.3
13139,GA,Hall,89115,82180,6935,7.8,92527,88034,4493,4.9,96314,91998,4316,4.5
13141,GA,Hancock,2758,2290,468,17,2481,2238,243,9.8,2530,2319,211,8.3
13143,GA,Haralson,12101,10863,1238,10.2,11837,11063,774,6.5,12157,11455,702,5.8
13145,GA,Harris,16275,15102,1173,7.2,15656,14836,820,5.2,16068,15287,781,4.9
13147,GA,Hart,10823,9709,1114,10.3,10373,9730,643,6.2,11012,10423,589,5.3
13149,GA,Heard,5122,4593,529,10.3,4898,4584,314,6.4,4996,4702,294,5.9
13151,GA,Henry,103207,93513,9694,9.4,104748,98295,6453,6.2,108905,102937,5968,5.5
13153,GA,Houston,68742,63212,5530,8,65505,61689,3816,5.8,67668,64064,3604,5.3
13155,GA,Irwin,3543,3127,416,11.7,3126,2864,262,8.4,3218,2967,251,7.8
13157,GA,Jackson,29412,26995,2417,8.2,30660,29177,1483,4.8,33289,31876,1413,4.2
13159,GA,Jasper,6666,6013,653,9.8,6423,6069,354,5.5,6582,6268,314,4.8
13161,GA,Jeff Davis,6382,5645,737,11.5,6326,5905,421,6.7,6226,5832,394,6.3
13163,GA,Jefferson,7085,6148,937,13.2,6348,5775,573,9,6596,6111,485,7.4
13165,GA,Jenkins,3364,2902,462,13.7,3096,2838,258,8.3,3162,2924,238,7.5
13167,GA,Johnson,4065,3660,405,10,3861,3591,270,7,3925,3687,238,6.1
13169,GA,Jones,13879,12700,1179,8.5,13440,12698,742,5.5,13793,13133,660,4.8
13171,GA,Lamar,7968,7005,963,12.1,7661,7072,589,7.7,7898,7382,516,6.5
13173,GA,Lanier,3910,3544,366,9.4,3771,3520,251,6.7,3827,3607,220,5.7
13175,GA,Laurens,19799,17372,2427,12.3,18590,17186,1404,7.6,19062,17799,1263,6.6
13177,GA,Lee,14324,13227,1097,7.7,14091,13342,749,5.3,14557,13877,680,4.7
13179,GA,Liberty,27156,24736,2420,8.9,24903,23330,1573,6.3,25043,23584,1459,5.8
13181,GA,Lincoln,3538,3156,382,10.8,3355,3129,226,6.7,3478,3274,204,5.9
13183,GA,Long,6647,6079,568,8.5,7066,6651,415,5.9,7424,7025,399,5.4
13185,GA,Lowndes,52459,47676,4783,9.1,50225,47258,2967,5.9,51309,48613,2696,5.3
13187,GA,Lumpkin,15178,13910,1268,8.4,15279,14453,826,5.4,15971,15210,761,4.8
13189,GA,McDuffie,9332,8154,1178,12.6,8761,8032,729,8.3,8800,8159,641,7.3
13191,GA,McIntosh,6033,5444,589,9.8,5804,5427,377,6.5,6003,5654,349,5.8
13193,GA,Macon,5173,4485,688,13.3,4604,4181,423,9.2,4679,4293,386,8.2
13195,GA,Madison,13127,11955,1172,8.9,12592,11893,699,5.6,13083,12439,644,4.9
13197,GA,Marion,3612,3251,361,10,3436,3146,290,8.4,3380,3133,247,7.3
13199,GA,Meriwether,9031,7946,1085,12,8647,7954,693,8,8757,8158,599,6.8
13201,GA,Miller,2700,2479,221,8.2,2664,2519,145,5.4,2753,2605,148,5.4
13205,GA,Mitchell,9615,8761,854,8.9,8693,8108,585,6.7,8569,8009,560,6.5
13207,GA,Monroe,12821,11712,1109,8.6,12636,11901,735,5.8,13018,12348,670,5.1
13209,GA,Montgomery,3900,3447,453,11.6,3701,3380,321,8.7,3724,3448,276,7.4
13211,GA,Morgan,8541,7770,771,9,8400,7938,462,5.5,8698,8261,437,5
13213,GA,Murray,16406,14306,2100,12.8,16025,14845,1180,7.4,15641,14536,1105,7.1
13215,GA,Muscogee,83617,75432,8185,9.8,78679,72808,5871,7.5,78420,73115,5305,6.8
13217,GA,Newton,48311,42993,5318,11,48301,45037,3264,6.8,49997,47014,2983,6
13219,GA,Oconee,17068,15992,1076,6.3,17543,16766,777,4.4,18476,17722,754,4.1
13221,GA,Oglethorpe,6893,6305,588,8.5,6709,6337,372,5.5,6919,6584,335,4.8
13223,GA,Paulding,74473,68282,6191,8.3,76124,72166,3958,5.2,79651,75983,3668,4.6
13225,GA,Peach,12548,11149,1399,11.1,11257,10364,893,7.9,11438,10640,798,7
13227,GA,Pickens,13899,12637,1262,9.1,13835,13100,735,5.3,14402,13705,697,4.8
13229,GA,Pierce,8338,7550,788,9.5,8023,7523,500,6.2,8555,8104,451,5.3
13231,GA,Pike,8422,7643,779,9.2,8206,7736,470,5.7,8403,7969,434,5.2
13233,GA,Polk,18793,16917,1876,10,18100,16901,1199,6.6,18070,16965,1105,6.1
13235,GA,Pulaski,4380,3987,393,9,4002,3739,263,6.6,4039,3803,236,5.8
13237,GA,Putnam,8292,7336,956,11.5,7780,7152,628,8.1,7952,7394,558,7
13239,GA,Quitman,943,853,90,9.5,815,759,56,6.9,815,756,59,7.2
13241,GA,Rabun,6939,6144,795,11.5,6486,6051,435,6.7,6697,6303,394,5.9
13243,GA,Randolph,2836,2481,355,12.5,2419,2199,220,9.1,2473,2265,208,8.4
13245,GA,Richmond,88450,79050,9400,10.6,84057,77831,6226,7.4,84825,79116,5709,6.7
13247,GA,Rockdale,42138,37844,4294,10.2,42154,39404,2750,6.5,43247,40751,2496,5.8
13249,GA,Schley,2176,1949,227,10.4,2104,1964,140,6.7,2116,1983,133,6.3
13251,GA,Screven,5694,4908,786,13.8,5027,4609,418,8.3,5238,4845,393,7.5
13253,GA,Seminole,3254,2899,355,10.9,3081,2832,249,8.1,3092,2850,242,7.8
13255,GA,Spalding,28196,24658,3538,12.5,27038,24863,2175,8,27789,25887,1902,6.8
13257,GA,Stephens,11763,10528,1235,10.5,10832,10124,708,6.5,11033,10387,646,5.9
13259,GA,Stewart,2320,2105,215,9.3,2109,1963,146,6.9,2137,2001,136,6.4
13261,GA,Sumter,13960,12300,1660,11.9,12796,11732,1064,8.3,12843,11875,968,7.5
13263,GA,Talbot,2922,2628,294,10.1,2689,2481,208,7.7,2745,2562,183,6.7
13265,GA,Taliaferro,607,521,86,14.2,591,545,46,7.8,549,511,38,6.9
13267,GA,Tattnall,9814,8997,817,8.3,9251,8680,571,6.2,9332,8834,498,5.3
13269,GA,Taylor,3116,2699,417,13.4,2766,2512,254,9.2,3323,3075,248,7.5
13271,GA,Telfair,5344,4715,629,11.8,4811,4392,419,8.7,4812,4411,401,8.3
13273,GA,Terrell,3755,3345,410,10.9,3621,3351,270,7.5,3656,3420,236,6.5
13275,GA,Thomas,18487,16696,1791,9.7,16768,15556,1212,7.2,17531,16442,1089,6.2
13277,GA,Tift,19159,17226,1933,10.1,18296,17178,1118,6.1,18552,17558,994,5.4
13279,GA,Toombs,12517,11045,1472,11.8,11832,10799,1033,8.7,11785,10868,917,7.8
13281,GA,Towns,4440,3939,501,11.3,3905,3597,308,7.9,4107,3829,278,6.8
13283,GA,Treutlen,2905,2514,391,13.5,2693,2464,229,8.5,2741,2531,210,7.7
13285,GA,Troup,35610,32110,3500,9.8,35499,33342,2157,6.1,36837,34968,1869,5.1
13287,GA,Turner,3460,3055,405,11.7,3184,2968,216,6.8,3236,3027,209,6.5
13289,GA,Twiggs,3174,2702,472,14.9,2957,2687,270,9.1,2949,2693,256,8.7
13291,GA,Union,9661,8807,854,8.8,9805,9281,524,5.3,10449,9956,493,4.7
13293,GA,Upson,11994,10713,1281,10.7,11099,10295,804,7.2,11141,10426,715,6.4
13295,GA,Walker,30923,28145,2778,9,29318,27567,1751,6,29936,28274,1662,5.6
13297,GA,Walton,41141,37400,3741,9.1,41560,39313,2247,5.4,43381,41259,2122,4.9
13299,GA,Ware,15485,13915,1570,10.1,14448,13508,940,6.5,15482,14651,831,5.4
13301,GA,Warren,2653,2256,397,15,2632,2427,205,7.8,2699,2512,187,6.9
13303,GA,Washington,8083,7247,836,10.3,7178,6676,502,7,7183,6730,453,6.3
13305,GA,Wayne,12611,11262,1349,10.7,11536,10701,835,7.2,11294,10523,771,6.8
13307,GA,Webster,1061,956,105,9.9,966,875,91,9.4,966,883,83,8.6
13309,GA,Wheeler,1958,1697,261,13.3,1690,1506,184,10.9,1733,1578,155,8.9
13311,GA,White,13570,12396,1174,8.7,13746,13034,712,5.2,14482,13813,669,4.6
13313,GA,Whitfield,45754,40886,4868,10.6,45473,42569,2904,6.4,44740,42014,2726,6.1
13315,GA,Wilcox,2867,2533,334,11.6,2736,2521,215,7.9,2720,2525,195,7.2
13317,GA,Wilkes,3841,3372,469,12.2,3880,3599,281,7.2,3707,3462,245,6.6
13319,GA,Wilkinson,3738,3308,430,11.5,3594,3331,263,7.3,3651,3420,231,6.3
13321,GA,Worth,9622,8643,979,10.2,8820,8249,571,6.5,9123,8593,530,5.8
15001,HI,Hawaii,86114,78944,7170,8.3,88517,84615,3902,4.4,91367,88009,3358,3.7
15003,HI,Honolulu/city,448023,423881,24142,5.4,466639,451044,15595,3.3,470086,457073,13013,2.8
15007,HI,Kauai,33878,31393,2485,7.3,35074,33660,1414,4,35802,34648,1154,3.2
15009,HI,Maui,79171,74084,5087,6.4,83739,80632,3107,3.7,85706,83054,2652,3.1
16001,ID,Ada,204353,191714,12639,6.2,217606,209616,7990,3.7,225651,218199,7452,3.3
16003,ID,Adams,1743,1483,260,14.9,1719,1587,132,7.7,1749,1627,122,7
16005,ID,Bannock,41203,38349,2854,6.9,41969,40274,1695,4,41168,39697,1471,3.6
16007,ID,Bear Lake,2882,2721,161,5.6,2836,2707,129,4.5,2817,2688,129,4.6
16009,ID,Benewah,4159,3653,506,12.2,4046,3777,269,6.6,4022,3782,240,6
16011,ID,Bingham,22774,21319,1455,6.4,22096,21183,913,4.1,22842,22035,807,3.5
16013,ID,Blaine,11726,10903,823,7,11847,11421,426,3.6,11873,11497,376,3.2
16015,ID,Boise,2968,2685,283,9.5,3059,2863,196,6.4,3105,2939,166,5.3
16017,ID,Bonner,18610,16662,1948,10.5,18573,17451,1122,6,18933,17902,1031,5.4
16019,ID,Bonneville,49127,46022,3105,6.3,51094,49295,1799,3.5,52500,50826,1674,3.2
16021,ID,Boundary,5221,4729,492,9.4,5103,4818,285,5.6,5119,4848,271,5.3
16023,ID,Butte,1336,1227,109,8.2,1280,1221,59,4.6,1297,1243,54,4.2
16025,ID,Camas,668,607,61,9.1,650,627,23,3.5,659,635,24,3.6
16027,ID,Canyon,86977,79059,7918,9.1,91171,86572,4599,5,93825,89735,4090,4.4
16029,ID,Caribou,3973,3731,242,6.1,3772,3615,157,4.2,3803,3666,137,3.6
16031,ID,Cassia,11116,10472,644,5.8,11482,11094,388,3.4,11615,11268,347,3
16033,ID,Clark,424,392,32,7.5,396,381,15,3.8,394,381,13,3.3
16035,ID,Clearwater,3272,2860,412,12.6,3094,2842,252,8.1,3058,2833,225,7.4
16037,ID,Custer,2336,2147,189,8.1,2135,1991,144,6.7,2147,2036,111,5.2
16039,ID,Elmore,10678,9874,804,7.5,10761,10249,512,4.8,10980,10524,456,4.2
16041,ID,Franklin,6311,6020,291,4.6,6464,6259,205,3.2,6655,6450,205,3.1
16043,ID,Fremont,6928,6500,428,6.2,7191,6926,265,3.7,7385,7136,249,3.4
16045,ID,Gem,7614,6898,716,9.4,7548,7146,402,5.3,7747,7382,365,4.7
16047,ID,Gooding,8093,7631,462,5.7,7993,7712,281,3.5,8016,7769,247,3.1
16049,ID,Idaho,6650,5922,728,10.9,6412,6008,404,6.3,6357,5994,363,5.7
16051,ID,Jefferson,12197,11447,750,6.1,12491,12060,431,3.5,12853,12455,398,3.1
16053,ID,Jerome,10878,10173,705,6.5,11351,10972,379,3.3,11371,11012,359,3.2
16055,ID,Kootenai,68654,62636,6018,8.8,71744,68061,3683,5.1,74006,70537,3469,4.7
16057,ID,Latah,19634,18489,1145,5.8,19510,18829,681,3.5,19939,19305,634,3.2
16059,ID,Lemhi,3569,3218,351,9.8,3386,3146,240,7.1,3417,3206,211,6.2
16061,ID,Lewis,1597,1511,86,5.4,1594,1502,92,5.8,1629,1526,103,6.3
16063,ID,Lincoln,2699,2452,247,9.2,2645,2524,121,4.6,2648,2529,119,4.5
16065,ID,Madison,18434,17593,841,4.6,19805,19268,537,2.7,20607,20108,499,2.4
16067,ID,Minidoka,10383,9752,631,6.1,10706,10308,398,3.7,10898,10549,349,3.2
16069,ID,Nez Perce,19881,18737,1144,5.8,20658,19884,774,3.7,20910,20223,687,3.3
16071,ID,Oneida,2093,1990,103,4.9,2130,2054,76,3.6,2206,2126,80,3.6
16073,ID,Owyhee,5104,4893,211,4.1,5225,4972,253,4.8,5292,5049,243,4.6
16075,ID,Payette,10843,9991,852,7.9,11120,10563,557,5,11282,10756,526,4.7
16077,ID,Power,4089,3771,318,7.8,3885,3701,184,4.7,3939,3777,162,4.1
16079,ID,Shoshone,5609,4873,736,13.1,5139,4734,405,7.9,5130,4763,367,7.2
16081,ID,Teton,5315,5002,313,5.9,5834,5631,203,3.5,5995,5801,194,3.2
16083,ID,Twin Falls,37673,35064,2609,6.9,39090,37628,1462,3.7,39652,38298,1354,3.4
16085,ID,Valley,4674,4150,524,11.2,4804,4504,300,6.2,4980,4707,273,5.5
16087,ID,Washington,4786,4383,403,8.4,4575,4306,269,5.9,4610,4355,255,5.5
17001,IL,Adams,33909,31697,2212,6.5,32540,30929,1611,5,32482,30935,1547,4.8
17003,IL,Alexander,2761,2432,329,11.9,2293,2084,209,9.1,2205,1999,206,9.3
17005,IL,Bond,8283,7542,741,8.9,7785,7374,411,5.3,7878,7474,404,5.1
17007,IL,Boone,26899,24104,2795,10.4,26353,24644,1709,6.5,26373,24696,1677,6.4
17009,IL,Brown,2630,2474,156,5.9,2779,2681,98,3.5,2855,2759,96,3.4
17011,IL,Bureau,18218,16545,1673,9.2,17118,16023,1095,6.4,17373,16323,1050,6
17013,IL,Calhoun,2449,2204,245,10,2342,2185,157,6.7,2374,2227,147,6.2
17015,IL,Carroll,8068,7409,659,8.2,7940,7509,431,5.4,7864,7420,444,5.6
17017,IL,Cass,6628,6069,559,8.4,6452,6089,363,5.6,6238,5892,346,5.5
17019,IL,Champaign,104109,96508,7601,7.3,104707,99308,5399,5.2,105414,100035,5379,5.1
17021,IL,Christian,16577,15034,1543,9.3,15471,14457,1014,6.6,15369,14393,976,6.4
17023,IL,Clark,8037,7267,770,9.6,8084,7584,500,6.2,8162,7687,475,5.8
17025,IL,Clay,6655,6015,640,9.6,6620,6154,466,7,6705,6247,458,6.8
17027,IL,Clinton,20381,19028,1353,6.6,20090,19189,901,4.5,20450,19537,913,4.5
17029,IL,Coles,24860,22682,2178,8.8,24100,22647,1453,6,24522,23074,1448,5.9
17031,IL,Cook,2653324,2397790,255534,9.6,2649660,2484669,164991,6.2,2665321,2504624,160697,6
17033,IL,Crawford,10450,9646,804,7.7,9637,9069,568,5.9,9026,8462,564,6.2
17035,IL,Cumberland,5966,5503,463,7.8,5910,5600,310,5.2,5981,5670,311,5.2
17037,IL,DeKalb,55619,50926,4693,8.4,54656,51617,3039,5.6,55086,52136,2950,5.4
17039,IL,De Witt,8487,7802,685,8.1,7938,7498,440,5.5,7909,7457,452,5.7
17041,IL,Douglas,9936,9216,720,7.2,10090,9596,494,4.9,10230,9745,485,4.7
17043,IL,DuPage,506425,468487,37938,7.5,512246,487824,24422,4.8,517069,492745,24324,4.7
17045,IL,Edgar,9132,8249,883,9.7,9435,8848,587,6.2,9704,9123,581,6
17047,IL,Edwards,3061,2822,239,7.8,2946,2771,175,5.9,2972,2799,173,5.8
17049,IL,Effingham,18530,17319,1211,6.5,18425,17546,879,4.8,18686,17803,883,4.7
17051,IL,Fayette,10702,9742,960,9,9705,9070,635,6.5,9754,9110,644,6.6
17053,IL,Ford,6786,6266,520,7.7,6514,6163,351,5.4,6545,6184,361,5.5
17055,IL,Franklin,17413,15563,1850,10.6,16494,15167,1327,8,16691,15339,1352,8.1
17057,IL,Fulton,16964,15285,1679,9.9,15796,14598,1198,7.6,15807,14639,1168,7.4
17059,IL,Gallatin,2527,2315,212,8.4,2467,2303,164,6.6,2535,2342,193,7.6
17061,IL,Greene,6487,5941,546,8.4,6049,5680,369,6.1,6068,5715,353,5.8
17063,IL,Grundy,25754,22796,2958,11.5,25495,23723,1772,7,25768,24043,1725,6.7
17065,IL,Hamilton,3926,3614,312,7.9,4378,4139,239,5.5,4257,3990,267,6.3
17067,IL,Hancock,9281,8513,768,8.3,8917,8369,548,6.1,8830,8253,577,6.5
17069,IL,Hardin,1737,1554,183,10.5,1528,1399,129,8.4,1399,1263,136,9.7
17071,IL,Henderson,3733,3436,297,8,3751,3527,224,6,3717,3490,227,6.1
17073,IL,Henry,26261,24321,1940,7.4,25188,23653,1535,6.1,25204,23681,1523,6
17075,IL,Iroquois,15294,13989,1305,8.5,14806,13971,835,5.6,14842,14027,815,5.5
17077,IL,Jackson,29216,26933,2283,7.8,28644,27059,1585,5.5,28680,27132,1548,5.4
17079,IL,Jasper,4942,4565,377,7.6,4642,4354,288,6.2,4646,4354,292,6.3
17081,IL,Jefferson,17904,16259,1645,9.2,17180,16026,1154,6.7,17567,16441,1126,6.4
17083,IL,Jersey,11405,10378,1027,9,11082,10383,699,6.3,11056,10410,646,5.8
17085,IL,Jo Daviess,11890,10992,898,7.6,11456,10832,624,5.4,11375,10763,612,5.4
17087,IL,Johnson,4307,3809,498,11.6,4135,3784,351,8.5,4209,3842,367,8.7
17089,IL,Kane,267647,243849,23798,8.9,267740,252380,15360,5.7,269704,254742,14962,5.5
17091,IL,Kankakee,56267,50392,5875,10.4,54856,51152,3704,6.8,55303,51760,3543,6.4
17093,IL,Kendall,63486,58179,5307,8.4,66299,62851,3448,5.2,67998,64531,3467,5.1
17095,IL,Knox,24415,22386,2029,8.3,23218,21811,1407,6.1,22943,21530,1413,6.2
17097,IL,Lake,368148,338367,29781,8.1,367581,347895,19686,5.4,372538,353051,19487,5.2
17099,IL,LaSalle,59584,53608,5976,10,57425,53442,3983,6.9,57112,53247,3865,6.8
17101,IL,Lawrence,6484,5824,660,10.2,6146,5712,434,7.1,6175,5717,458,7.4
17103,IL,Lee,18246,16735,1511,8.3,17855,16906,949,5.3,18020,17095,925,5.1
17105,IL,Livingston,18227,16818,1409,7.7,17258,16333,925,5.4,17018,16096,922,5.4
17107,IL,Logan,13545,12532,1013,7.5,13019,12318,701,5.4,13076,12380,696,5.3
17109,IL,McDonough,15024,13875,1149,7.6,14077,13224,853,6.1,14027,13147,880,6.3
17111,IL,McHenry,167014,152016,14998,9,165991,156983,9008,5.4,167954,159180,8774,5.2
17113,IL,McLean,94554,88522,6032,6.4,90917,86577,4340,4.8,90137,85557,4580,5.1
17115,IL,Macon,54309,48924,5385,9.9,50566,47041,3525,7,50284,46946,3338,6.6
17117,IL,Macoupin,24079,21797,2282,9.5,23062,21610,1452,6.3,23358,21965,1393,6
17119,IL,Madison,135745,123807,11938,8.8,133072,125119,7953,6,135105,127143,7962,5.9
17121,IL,Marion,18682,16856,1826,9.8,18100,16883,1217,6.7,18025,16874,1151,6.4
17123,IL,Marshall,6227,5711,516,8.3,5713,5336,377,6.6,5636,5263,373,6.6
17125,IL,Mason,7018,6315,703,10,6612,6143,469,7.1,6441,5981,460,7.1
17127,IL,Massac,6578,5947,631,9.6,6082,5640,442,7.3,5992,5564,428,7.1
17129,IL,Menard,7012,6521,491,7,6743,6428,315,4.7,6901,6585,316,4.6
17131,IL,Mercer,8671,8002,669,7.7,8228,7717,511,6.2,8219,7708,511,6.2
17133,IL,Monroe,17952,16744,1208,6.7,18106,17317,789,4.4,18485,17734,751,4.1
17135,IL,Montgomery,13201,11726,1475,11.2,12045,11138,907,7.5,12140,11280,860,7.1
17137,IL,Morgan,17792,16425,1367,7.7,16992,16146,846,5,17000,16163,837,4.9
17139,IL,Moultrie,7394,6867,527,7.1,7369,7049,320,4.3,7437,7095,342,4.6
17141,IL,Ogle,26670,23982,2688,10.1,25928,24338,1590,6.1,25804,24279,1525,5.9
17143,IL,Peoria,96283,88227,8056,8.4,90043,83897,6146,6.8,88138,82056,6082,6.9
17145,IL,Perry,9236,8258,978,10.6,8861,8232,629,7.1,8705,8086,619,7.1
17147,IL,Piatt,8571,7976,595,6.9,8352,7934,418,5,8539,8117,422,4.9
17149,IL,Pike,7802,7214,588,7.5,7618,7226,392,5.1,7507,7124,383,5.1
17151,IL,Pope,1893,1731,162,8.6,1766,1643,123,7,1761,1640,121,6.9
17153,IL,Pulaski,2378,2108,270,11.4,2090,1906,184,8.8,2194,2008,186,8.5
17155,IL,Putnam,3138,2846,292,9.3,3042,2855,187,6.1,3107,2933,174,5.6
17157,IL,Randolph,14621,13398,1223,8.4,14311,13538,773,5.4,14546,13818,728,5
17159,IL,Richland,7553,6948,605,8,7468,7032,436,5.8,7540,7093,447,5.9
17161,IL,Rock Island,75652,69602,6050,8,72570,67964,4606,6.3,72048,67527,4521,6.3
17163,IL,St. Clair,130469,118026,12443,9.5,126230,117960,8270,6.6,127187,119457,7730,6.1
17165,IL,Saline,11658,10601,1057,9.1,10352,9554,798,7.7,10049,9188,861,8.6
17167,IL,Sangamon,107433,99648,7785,7.2,105473,100026,5447,5.2,106304,101124,5180,4.9
17169,IL,Schuyler,3629,3344,285,7.9,3483,3281,202,5.8,3358,3169,189,5.6
17171,IL,Scott,2713,2478,235,8.7,2559,2409,150,5.9,2534,2391,143,5.6
17173,IL,Shelby,10796,9872,924,8.6,10235,9635,600,5.9,10384,9788,596,5.7
17175,IL,Stark,3005,2761,244,8.1,2764,2581,183,6.6,2762,2559,203,7.3
17177,IL,Stephenson,23532,21412,2120,9,21553,20137,1416,6.6,21413,20157,1256,5.9
17179,IL,Tazewell,71546,66205,5341,7.5,66888,62716,4172,6.2,65843,61613,4230,6.4
17181,IL,Union,7586,6758,828,10.9,7357,6794,563,7.7,7524,6966,558,7.4
17183,IL,Vermilion,37030,33604,3426,9.3,35468,32970,2498,7,35080,32546,2534,7.2
17185,IL,Wabash,5777,5319,458,7.9,5625,5309,316,5.6,5753,5392,361,6.3
17187,IL,Warren,8939,8305,634,7.1,8570,8125,445,5.2,8696,8237,459,5.3
17189,IL,Washington,9156,8576,580,6.3,9360,9008,352,3.8,9644,9281,363,3.8
17191,IL,Wayne,8037,7421,616,7.7,7504,6989,515,6.9,7301,6678,623,8.5
17193,IL,White,7283,6733,550,7.6,6932,6536,396,5.7,6889,6437,452,6.6
17195,IL,Whiteside,29517,26925,2592,8.8,28529,26772,1757,6.2,28727,27060,1667,5.8
17197,IL,Will,356094,321291,34803,9.8,357201,335106,22095,6.2,363016,341403,21613,6
17199,IL,Williamson,31879,29129,2750,8.6,31940,29975,1965,6.2,32322,30334,1988,6.2
17201,IL,Winnebago,146251,130867,15384,10.5,142251,132333,9918,7,141580,132144,9436,6.7
17203,IL,Woodford,20524,19297,1227,6,19587,18599,988,5,19372,18310,1062,5.5
18001,IN,Adams,15884,14765,1119,7,16897,16252,645,3.8,17040,16431,609,3.6
18003,IN,Allen,173799,159246,14553,8.4,178002,169803,8199,4.6,180882,173176,7706,4.3
18005,IN,Bartholomew,41408,38762,2646,6.4,43575,41999,1576,3.6,44452,42949,1503,3.4
18007,IN,Benton,4550,4211,339,7.5,4577,4372,205,4.5,4566,4373,193,4.2
18009,IN,Blackford,5461,4836,625,11.4,5242,4926,316,6,5337,5052,285,5.3
18011,IN,Boone,30227,28388,1839,6.1,33489,32253,1236,3.7,34859,33685,1174,3.4
18013,IN,Brown,7322,6736,586,8,7442,7086,356,4.8,7523,7221,302,4
18015,IN,Carroll,9985,9251,734,7.4,10021,9586,435,4.3,10109,9681,428,4.2
18017,IN,Cass,17781,16249,1532,8.6,17757,16941,816,4.6,18051,17214,837,4.6
18019,IN,Clark,55404,51070,4334,7.8,58777,56127,2650,4.5,60539,58023,2516,4.2
18021,IN,Clay,12808,11545,1263,9.9,12366,11711,655,5.3,12386,11809,577,4.7
18023,IN,Clinton,16568,15239,1329,8,16917,16236,681,4,17153,16488,665,3.9
18025,IN,Crawford,4791,4282,509,10.6,4914,4617,297,6,4999,4718,281,5.6
18027,IN,Daviess,14790,13900,890,6,15693,15099,594,3.8,15975,15411,564,3.5
18029,IN,Dearborn,24979,22755,2224,8.9,25211,23917,1294,5.1,25600,24396,1204,4.7
18031,IN,Decatur,13583,12481,1102,8.1,14291,13709,582,4.1,14556,14039,517,3.6
18033,IN,DeKalb,20569,18852,1717,8.3,21782,20885,897,4.1,22236,21366,870,3.9
18035,IN,Delaware,54898,49755,5143,9.4,54435,51332,3103,5.7,55087,52268,2819,5.1
18037,IN,Dubois,21582,20351,1231,5.7,22672,21903,769,3.4,23397,22670,727,3.1
18039,IN,Elkhart,96847,88194,8653,8.9,104701,100631,4070,3.9,108476,104705,3771,3.5
18041,IN,Fayette,9164,8143,1021,11.1,8989,8398,591,6.6,9351,8814,537,5.7
18043,IN,Floyd,37784,35095,2689,7.1,39856,38143,1713,4.3,40988,39313,1675,4.1
18045,IN,Fountain,8538,7821,717,8.4,8048,7571,477,5.9,7980,7518,462,5.8
18047,IN,Franklin,10558,9553,1005,9.5,11386,10808,578,5.1,11479,10982,497,4.3
18049,IN,Fulton,10083,9238,845,8.4,9860,9388,472,4.8,9889,9426,463,4.7
18051,IN,Gibson,17396,16205,1191,6.8,18858,18141,717,3.8,19200,18506,694,3.6
18053,IN,Grant,32336,29189,3147,9.7,32520,30756,1764,5.4,32144,30563,1581,4.9
18055,IN,Greene,13811,12367,1444,10.5,13753,12807,946,6.9,13742,12846,896,6.5
18057,IN,Hamilton,151112,143091,8021,5.3,167214,161556,5658,3.4,174507,168927,5580,3.2
18059,IN,Hancock,35729,33107,2622,7.3,37366,35788,1578,4.2,38689,37227,1462,3.8
18061,IN,Harrison,18557,17124,1433,7.7,19380,18490,890,4.6,19958,19121,837,4.2
18063,IN,Hendricks,76893,72027,4866,6.3,82850,79677,3173,3.8,85792,82802,2990,3.5
18065,IN,Henry,21143,19018,2125,10.1,21662,20509,1153,5.3,22117,21098,1019,4.6
18067,IN,Howard,35916,32658,3258,9.1,36982,35136,1846,5,38083,36313,1770,4.6
18069,IN,Huntington,18587,16950,1637,8.8,18638,17822,816,4.4,18688,17932,756,4
18071,IN,Jackson,20486,18957,1529,7.5,21783,20915,868,4,22348,21532,816,3.7
18073,IN,Jasper,15969,14673,1296,8.1,16358,15405,953,5.8,16571,15691,880,5.3
18075,IN,Jay,10084,9285,799,7.9,9945,9448,497,5,9946,9496,450,4.5
18077,IN,Jefferson,15221,13930,1291,8.5,15324,14581,743,4.8,15287,14576,711,4.7
18079,IN,Jennings,13111,11760,1351,10.3,13166,12490,676,5.1,13267,12638,629,4.7
18081,IN,Johnson,72543,67491,5052,7,77578,74412,3166,4.1,80261,77350,2911,3.6
18083,IN,Knox,18717,17381,1336,7.1,19025,18152,873,4.6,19066,18235,831,4.4
18085,IN,Kosciusko,38740,35758,2982,7.7,40658,39003,1655,4.1,41502,39951,1551,3.7
18087,IN,LaGrange,17001,15792,1209,7.1,18899,18207,692,3.7,19425,18757,668,3.4
18089,IN,Lake,228899,208026,20873,9.1,229684,214008,15676,6.8,232251,217590,14661,6.3
18091,IN,LaPorte,49697,44849,4848,9.8,48516,45471,3045,6.3,48653,45798,2855,5.9
18093,IN,Lawrence,20554,18301,2253,11,20275,18946,1329,6.6,20596,19428,1168,5.7
18095,IN,Madison,57995,52201,5794,10,58216,54909,3307,5.7,58972,56005,2967,5
18097,IN,Marion,458377,416087,42290,9.2,472300,448310,23990,5.1,481513,460005,21508,4.5
18099,IN,Marshall,22963,21074,1889,8.2,24006,23003,1003,4.2,24328,23418,910,3.7
18101,IN,Martin,5077,4717,360,7.1,5047,4834,213,4.2,5150,4940,210,4.1
18103,IN,Miami,15633,14113,1520,9.7,15749,14929,820,5.2,16088,15330,758,4.7
18105,IN,Monroe,66747,61899,4848,7.3,67364,64049,3315,4.9,67995,64840,3155,4.6
18107,IN,Montgomery,18594,17072,1522,8.2,19264,18494,770,4,19160,18424,736,3.8
18109,IN,Morgan,34688,31769,2919,8.4,35364,33698,1666,4.7,36042,34512,1530,4.2
18111,IN,Newton,6923,6258,665,9.6,6960,6555,405,5.8,7038,6645,393,5.6
18113,IN,Noble,22618,20671,1947,8.6,23648,22639,1009,4.3,23332,22387,945,4.1
18115,IN,Ohio,3181,2898,283,8.9,3178,3002,176,5.5,3225,3067,158,4.9
18117,IN,Orange,8776,7831,945,10.8,8726,8204,522,6,8881,8431,450,5.1
18119,IN,Owen,9827,8762,1065,10.8,9285,8699,586,6.3,9260,8746,514,5.6
18121,IN,Parke,6990,6274,716,10.2,7052,6653,399,5.7,7268,6890,378,5.2
18123,IN,Perry,8873,8128,745,8.4,9230,8795,435,4.7,9462,9031,431,4.6
18125,IN,Pike,6130,5679,451,7.4,6188,5918,270,4.4,6332,6057,275,4.3
18127,IN,Porter,82380,76114,6266,7.6,84690,80141,4549,5.4,86283,81870,4413,5.1
18129,IN,Posey,13190,12299,891,6.8,13298,12770,528,4,13453,12923,530,3.9
18131,IN,Pulaski,6271,5808,463,7.4,6273,5989,284,4.5,6380,6095,285,4.5
18133,IN,Putnam,16338,14721,1617,9.9,16399,15560,839,5.1,16606,15858,748,4.5
18135,IN,Randolph,12761,11541,1220,9.6,12685,12055,630,5,12670,12101,569,4.5
18137,IN,Ripley,13847,12602,1245,9,13632,12901,731,5.4,14067,13423,644,4.6
18139,IN,Rush,8377,7665,712,8.5,8839,8455,384,4.3,8979,8641,338,3.8
18141,IN,St. Joseph,127769,115689,12080,9.5,130390,123827,6563,5,134142,128072,6070,4.5
18143,IN,Scott,10181,9133,1048,10.3,10265,9705,560,5.5,10477,9970,507,4.8
18145,IN,Shelby,22318,20453,1865,8.4,22623,21616,1007,4.5,22958,22043,915,4
18147,IN,Spencer,10791,10012,779,7.2,10974,10519,455,4.1,10977,10528,449,4.1
18149,IN,Starke,10108,9036,1072,10.6,10546,9919,627,5.9,10861,10274,587,5.4
18151,IN,Steuben,18914,17536,1378,7.3,19978,19196,782,3.9,20085,19351,734,3.7
18153,IN,Sullivan,8803,7982,821,9.3,8657,8117,540,6.2,8700,8190,510,5.9
18155,IN,Switzerland,4890,4512,378,7.7,4853,4612,241,5,4996,4753,243,4.9
18157,IN,Tippecanoe,88448,82294,6154,7,93106,89153,3953,4.2,94397,90572,3825,4.1
18159,IN,Tipton,8009,7387,622,7.8,8380,8045,335,4,8529,8201,328,3.8
18161,IN,Union,3557,3270,287,8.1,3561,3401,160,4.5,3638,3491,147,4
18163,IN,Vanderburgh,91824,84785,7039,7.7,92227,88290,3937,4.3,93237,89412,3825,4.1
18165,IN,Vermillion,7468,6617,851,11.4,7226,6711,515,7.1,7272,6794,478,6.6
18167,IN,Vigo,50132,45160,4972,9.9,48985,45975,3010,6.1,49382,46726,2656,5.4
18169,IN,Wabash,15693,14361,1332,8.5,15385,14648,737,4.8,15481,14822,659,4.3
18171,IN,Warren,4198,3888,310,7.4,4097,3894,203,5,4112,3913,199,4.8
18173,IN,Warrick,30814,28718,2096,6.8,31749,30458,1291,4.1,32487,31177,1310,4
18175,IN,Washington,13174,11930,1244,9.4,13502,12800,702,5.2,13685,13060,625,4.6
18177,IN,Wayne,30691,27655,3036,9.9,30643,29012,1631,5.3,30951,29472,1479,4.8
18179,IN,Wells,13711,12727,984,7.2,14036,13485,551,3.9,14170,13666,504,3.6
18181,IN,White,13028,12013,1015,7.8,13608,13055,553,4.1,13644,13103,541,4
18183,IN,Whitley,16903,15557,1346,8,17016,16316,700,4.1,17237,16568,669,3.9
19001,IA,Adair,4047,3870,177,4.4,4225,4088,137,3.2,4232,4108,124,2.9
19003,IA,Adams,2183,2096,87,4,2291,2226,65,2.8,2215,2158,57,2.6
19005,IA,Allamakee,7594,7105,489,6.4,7703,7324,379,4.9,7668,7290,378,4.9
19007,IA,Appanoose,5987,5597,390,6.5,6226,5919,307,4.9,6157,5868,289,4.7
19009,IA,Audubon,3215,3061,154,4.8,3239,3110,129,4,3275,3168,107,3.3
19011,IA,Benton,13771,13040,731,5.3,13778,13238,540,3.9,13596,13109,487,3.6
19013,IA,Black Hawk,71212,67343,3869,5.4,70538,67285,3253,4.6,69257,66068,3189,4.6
19015,IA,Boone,14569,13938,631,4.3,15320,14854,466,3,15112,14693,419,2.8
19017,IA,Bremer,13864,13332,532,3.8,13977,13482,495,3.5,13904,13410,494,3.6
19019,IA,Buchanan,11023,10493,530,4.8,11321,10835,486,4.3,11200,10742,458,4.1
19021,IA,Buena Vista,11224,10757,467,4.2,11589,11162,427,3.7,11510,11108,402,3.5
19023,IA,Butler,8211,7840,371,4.5,8284,7919,365,4.4,8027,7680,347,4.3
19025,IA,Calhoun,4427,4183,244,5.5,4458,4264,194,4.4,4521,4351,170,3.8
19027,IA,Carroll,11335,10910,425,3.7,11309,11011,298,2.6,11277,10990,287,2.5
19029,IA,Cass,7193,6819,374,5.2,7461,7188,273,3.7,7262,7027,235,3.2
19031,IA,Cedar,10662,10177,485,4.5,10991,10611,380,3.5,10856,10498,358,3.3
19033,IA,Cerro Gordo,23719,22394,1325,5.6,23021,22105,916,4,23113,22288,825,3.6
19035,IA,Cherokee,6856,6559,297,4.3,6346,6015,331,5.2,6319,6091,228,3.6
19037,IA,Chickasaw,6294,5967,327,5.2,6459,6166,293,4.5,6424,6142,282,4.4
19039,IA,Clarke,4609,4332,277,6,4771,4574,197,4.1,4830,4668,162,3.4
19041,IA,Clay,8882,8434,448,5,8856,8532,324,3.7,8718,8384,334,3.8
19043,IA,Clayton,10164,9586,578,5.7,10297,9867,430,4.2,10300,9865,435,4.2
19045,IA,Clinton,25088,23546,1542,6.1,24446,23214,1232,5,23809,22641,1168,4.9
19047,IA,Crawford,8755,8364,391,4.5,8754,8385,369,4.2,8435,7977,458,5.4
19049,IA,Dallas,39158,37628,1530,3.9,43702,42439,1263,2.9,45815,44616,1199,2.6
19051,IA,Davis,4090,3854,236,5.8,4178,3991,187,4.5,4289,4108,181,4.2
19053,IA,Decatur,4242,4054,188,4.4,4432,4285,147,3.3,4405,4264,141,3.2
19055,IA,Delaware,10255,9796,459,4.5,10691,10327,364,3.4,10726,10357,369,3.4
19057,IA,Des Moines,20089,18854,1235,6.1,20531,19554,977,4.8,20035,19052,983,4.9
19059,IA,Dickinson,9177,8659,518,5.6,10216,9816,400,3.9,10300,9860,440,4.3
19061,IA,Dubuque,54613,52140,2473,4.5,55752,53694,2058,3.7,54679,52745,1934,3.5
19063,IA,Emmet,5713,5458,255,4.5,5666,5454,212,3.7,5595,5358,237,4.2
19065,IA,Fayette,10792,10205,587,5.4,10820,10326,494,4.6,10710,10238,472,4.4
19067,IA,Floyd,8123,7616,507,6.2,8706,8374,332,3.8,8689,8375,314,3.6
19069,IA,Franklin,5811,5551,260,4.5,5962,5760,202,3.4,5944,5739,205,3.4
19071,IA,Fremont,4009,3804,205,5.1,4152,4013,139,3.3,3987,3857,130,3.3
19073,IA,Greene,5116,4862,254,5,5572,5375,197,3.5,5666,5490,176,3.1
19075,IA,Grundy,6650,6347,303,4.6,6736,6478,258,3.8,6634,6406,228,3.4
19077,IA,Guthrie,5554,5242,312,5.6,5625,5411,214,3.8,5623,5422,201,3.6
19079,IA,Hamilton,7047,6561,486,6.9,7233,6923,310,4.3,7141,6873,268,3.8
19081,IA,Hancock,5980,5707,273,4.6,6370,6196,174,2.7,6390,6219,171,2.7
19083,IA,Hardin,8756,8288,468,5.3,8821,8469,352,4,8571,8240,331,3.9
19085,IA,Harrison,7536,7156,380,5,7543,7285,258,3.4,7449,7199,250,3.4
19087,IA,Henry,9619,9048,571,5.9,9604,9225,379,3.9,9562,9224,338,3.5
19089,IA,Howard,5199,4959,240,4.6,5380,5185,195,3.6,5328,5138,190,3.6
19091,IA,Humboldt,5156,4938,218,4.2,5345,5166,179,3.3,5387,5232,155,2.9
19093,IA,Ida,3772,3620,152,4,3962,3838,124,3.1,4024,3922,102,2.5
19095,IA,Iowa,9593,9161,432,4.5,10389,10021,368,3.5,10557,10231,326,3.1
19097,IA,Jackson,10816,10225,591,5.5,11173,10699,474,4.2,11062,10601,461,4.2
19099,IA,Jasper,18540,17437,1103,5.9,19117,18369,748,3.9,19246,18565,681,3.5
19101,IA,Jefferson,8760,8300,460,5.3,9157,8802,355,3.9,9184,8849,335,3.6
19103,IA,Johnson,80281,77326,2955,3.7,83930,81675,2255,2.7,84310,82138,2172,2.6
19105,IA,Jones,10674,10112,562,5.3,10788,10334,454,4.2,10686,10232,454,4.2
19107,IA,Keokuk,5423,5126,297,5.5,5427,5194,233,4.3,5320,5093,227,4.3
19109,IA,Kossuth,8383,8058,325,3.9,8838,8584,254,2.9,8894,8663,231,2.6
19111,IA,Lee,17477,16219,1258,7.2,18281,17291,990,5.4,17458,16411,1047,6
19113,IA,Linn,118869,112665,6204,5.2,120268,115675,4593,3.8,118783,114458,4325,3.6
19115,IA,Louisa,5787,5470,317,5.5,6029,5799,230,3.8,6101,5864,237,3.9
19117,IA,Lucas,4183,3984,199,4.8,4404,4247,157,3.6,4381,4243,138,3.1
19119,IA,Lyon,6833,6631,202,3,7067,6924,143,2,7087,6944,143,2
19121,IA,Madison,8134,7681,453,5.6,8240,7915,325,3.9,8250,7959,291,3.5
19123,IA,Mahaska,11636,11033,603,5.2,11843,11370,473,4,11798,11363,435,3.7
19125,IA,Marion,17062,16242,820,4.8,17444,16869,575,3.3,17446,16923,523,3
19127,IA,Marshall,19797,18526,1271,6.4,19451,18457,994,5.1,19133,18202,931,4.9
19129,IA,Mills,7263,6929,334,4.6,7430,7124,306,4.1,7406,7138,268,3.6
19131,IA,Mitchell,5551,5298,253,4.6,5598,5439,159,2.8,5879,5726,153,2.6
19133,IA,Monona,4534,4244,290,6.4,4765,4554,211,4.4,4725,4533,192,4.1
19135,IA,Monroe,3978,3749,229,5.8,4040,3860,180,4.5,3957,3776,181,4.6
19137,IA,Montgomery,5031,4775,256,5.1,5173,4988,185,3.6,5112,4933,179,3.5
19139,IA,Muscatine,21235,20019,1216,5.7,22228,21362,866,3.9,22429,21581,848,3.8
19141,IA,O'Brien,8040,7734,306,3.8,8436,8195,241,2.9,8360,8130,230,2.8
19143,IA,Osceola,3383,3243,140,4.1,3546,3444,102,2.9,3643,3547,96,2.6
19145,IA,Page,6674,6315,359,5.4,6575,6301,274,4.2,6466,6143,323,5
19147,IA,Palo Alto,4756,4553,203,4.3,4867,4716,151,3.1,4966,4813,153,3.1
19149,IA,Plymouth,14190,13609,581,4.1,14799,14379,420,2.8,15008,14627,381,2.5
19151,IA,Pocahontas,4162,3994,168,4,4312,4180,132,3.1,4317,4195,122,2.8
19153,IA,Polk,244099,231450,12649,5.2,255818,246329,9489,3.7,257323,248455,8868,3.4
19155,IA,Pottawattamie,48453,46002,2451,5.1,49029,47222,1807,3.7,48263,46637,1626,3.4
19157,IA,Poweshiek,10155,9661,494,4.9,10516,10133,383,3.6,10422,10067,355,3.4
19159,IA,Ringgold,2537,2425,112,4.4,2569,2482,87,3.4,2606,2516,90,3.5
19161,IA,Sac,5502,5269,233,4.2,5646,5456,190,3.4,5494,5330,164,3
19163,IA,Scott,87193,82190,5003,5.7,87924,83783,4141,4.7,86680,82794,3886,4.5
19165,IA,Shelby,6990,6727,263,3.8,7023,6820,203,2.9,6823,6624,199,2.9
19167,IA,Sioux,19372,18703,669,3.5,20770,20256,514,2.5,20685,20214,471,2.3
19169,IA,Story,53318,51416,1902,3.6,57461,56013,1448,2.5,56963,55637,1326,2.3
19171,IA,Tama,9087,8542,545,6,9674,9250,424,4.4,9767,9361,406,4.2
19173,IA,Taylor,3142,3014,128,4.1,3241,3138,103,3.2,3230,3135,95,2.9
19175,IA,Union,6852,6505,347,5.1,6580,6303,277,4.2,6514,6268,246,3.8
19177,IA,Van Buren,3799,3579,220,5.8,3844,3687,157,4.1,3859,3719,140,3.6
19179,IA,Wapello,17888,16645,1243,6.9,18024,17089,935,5.2,17889,16859,1030,5.8
19181,IA,Warren,25880,24645,1235,4.8,26725,25802,923,3.5,27108,26247,861,3.2
19183,IA,Washington,12148,11637,511,4.2,12398,12008,390,3.1,12355,11995,360,2.9
19185,IA,Wayne,2792,2640,152,5.4,2852,2739,113,4,2841,2734,107,3.8
19187,IA,Webster,19273,18056,1217,6.3,20368,19482,886,4.3,20430,19620,810,4
19189,IA,Winnebago,5115,4842,273,5.3,5173,4966,207,4,5198,5019,179,3.4
19191,IA,Winneshiek,11884,11336,548,4.6,12236,11784,452,3.7,12061,11639,422,3.5
19193,IA,Woodbury,54273,51437,2836,5.2,56233,54094,2139,3.8,55748,53775,1973,3.5
19195,IA,Worth,4220,3990,230,5.5,4230,4060,170,4,4269,4124,145,3.4
19197,IA,Wright,6791,6427,364,5.4,6912,6640,272,3.9,6690,6417,273,4.1
20001,KS,Allen,6863,6372,491,7.2,6609,6271,338,5.1,6439,6080,359,5.6
20003,KS,Anderson,4300,4020,280,6.5,4136,3937,199,4.8,4174,3996,178,4.3
20005,KS,Atchison,7836,7229,607,7.7,7475,7016,459,6.1,7046,6608,438,6.2
20007,KS,Barber,2730,2624,106,3.9,2664,2551,113,4.2,2527,2434,93,3.7
20009,KS,Barton,14963,14289,674,4.5,14599,13984,615,4.2,14024,13396,628,4.5
20011,KS,Bourbon,6715,6199,516,7.7,7122,6782,340,4.8,7127,6782,345,4.8
20013,KS,Brown,5236,4955,281,5.4,5358,5145,213,4,5165,4978,187,3.6
20015,KS,Butler,31996,30002,1994,6.2,32054,30689,1365,4.3,32197,30854,1343,4.2
20017,KS,Chase,1325,1255,70,5.3,1253,1208,45,3.6,1407,1358,49,3.5
20019,KS,Chautauqua,1695,1584,111,6.5,1552,1464,88,5.7,1541,1461,80,5.2
20021,KS,Cherokee,10571,9745,826,7.8,10419,9957,462,4.4,10290,9834,456,4.4
20023,KS,Cheyenne,1330,1282,48,3.6,1359,1322,37,2.7,1345,1307,38,2.8
20025,KS,Clark,1201,1159,42,3.5,1160,1132,28,2.4,1116,1085,31,2.8
20027,KS,Clay,4246,4027,219,5.2,4120,3943,177,4.3,4035,3871,164,4.1
20029,KS,Cloud,4573,4345,228,5,4315,4151,164,3.8,4256,4081,175,4.1
20031,KS,Coffey,4519,4203,316,7,4743,4472,271,5.7,4283,4018,265,6.2
20033,KS,Comanche,999,960,39,3.9,992,959,33,3.3,971,941,30,3.1
20035,KS,Cowley,17215,16152,1063,6.2,17052,16273,779,4.6,16909,16162,747,4.4
20037,KS,Crawford,19284,18004,1280,6.6,18938,17974,964,5.1,18918,18006,912,4.8
20039,KS,Decatur,1401,1339,62,4.4,1351,1302,49,3.6,1293,1242,51,3.9
20041,KS,Dickinson,10060,9452,608,6,9525,9033,492,5.2,9167,8762,405,4.4
20043,KS,Doniphan,4392,4117,275,6.3,4322,4135,187,4.3,4274,4109,165,3.9
20045,KS,Douglas,63496,60235,3261,5.1,64800,62411,2389,3.7,65276,62968,2308,3.5
20047,KS,Edwards,1642,1576,66,4,1750,1697,53,3,1654,1604,50,3
20049,KS,Elk,1348,1256,92,6.8,1280,1219,61,4.8,1189,1130,59,5
20051,KS,Ellis,18020,17403,617,3.4,17533,17009,524,3,17014,16489,525,3.1
20053,KS,Ellsworth,3487,3365,122,3.5,2940,2832,108,3.7,2834,2725,109,3.8
20055,KS,Finney,20154,19254,900,4.5,20142,19432,710,3.5,20152,19531,621,3.1
20057,KS,Ford,18822,18095,727,3.9,18073,17459,614,3.4,17885,17320,565,3.2
20059,KS,Franklin,13977,12960,1017,7.3,14110,13465,645,4.6,14227,13631,596,4.2
20061,KS,Geary,12807,11697,1110,8.7,12116,11367,749,6.2,12058,11379,679,5.6
20063,KS,Gove,1513,1468,45,3,1487,1450,37,2.5,1451,1416,35,2.4
20065,KS,Graham,1386,1339,47,3.4,1273,1223,50,3.9,1225,1171,54,4.4
20067,KS,Grant,3987,3832,155,3.9,3905,3765,140,3.6,3773,3639,134,3.6
20069,KS,Gray,3562,3451,111,3.1,3603,3520,83,2.3,3410,3333,77,2.3
20071,KS,Greeley,884,857,27,3.1,935,915,20,2.1,912,893,19,2.1
20073,KS,Greenwood,3426,3234,192,5.6,3291,3141,150,4.6,3323,3161,162,4.9
20075,KS,Hamilton,1825,1776,49,2.7,1653,1621,32,1.9,1643,1599,44,2.7
20077,KS,Harper,3107,2972,135,4.3,2857,2746,111,3.9,2881,2778,103,3.6
20079,KS,Harvey,17249,16312,937,5.4,17219,16548,671,3.9,17206,16479,727,4.2
20081,KS,Haskell,2462,2379,83,3.4,2360,2301,59,2.5,2305,2245,60,2.6
20083,KS,Hodgeman,1111,1073,38,3.4,1028,996,32,3.1,1030,1003,27,2.6
20085,KS,Jackson,7345,6932,413,5.6,7244,6976,268,3.7,7259,7009,250,3.4
20087,KS,Jefferson,10240,9620,620,6.1,10193,9767,426,4.2,10217,9820,397,3.9
20089,KS,Jewell,1449,1387,62,4.3,1375,1315,60,4.4,1331,1274,57,4.3
20091,KS,Johnson,310263,296014,14249,4.6,324891,313905,10986,3.4,328359,317670,10689,3.3
20093,KS,Kearny,2170,2084,86,4,2149,2082,67,3.1,2058,1993,65,3.2
20095,KS,Kingman,3768,3537,231,6.1,3651,3493,158,4.3,3528,3373,155,4.4
20097,KS,Kiowa,1407,1354,53,3.8,1449,1406,43,3,1420,1381,39,2.7
20099,KS,Labette,10711,9858,853,8,10760,10143,617,5.7,10734,10156,578,5.4
20101,KS,Lane,900,859,41,4.6,879,850,29,3.3,810,785,25,3.1
20103,KS,Leavenworth,34446,32240,2206,6.4,35293,33706,1587,4.5,35787,34247,1540,4.3
20105,KS,Lincoln,1847,1757,90,4.9,1799,1737,62,3.4,1737,1678,59,3.4
20107,KS,Linn,4382,3949,433,9.9,4331,4054,277,6.4,4343,4064,279,6.4
20109,KS,Logan,1754,1701,53,3,1757,1714,43,2.4,1723,1679,44,2.6
20111,KS,Lyon,17227,16227,1000,5.8,16646,15933,713,4.3,16819,16132,687,4.1
20113,KS,McPherson,16654,15969,685,4.1,17192,16679,513,3,16340,15825,515,3.2
20115,KS,Marion,6344,6019,325,5.1,6166,5933,233,3.8,6121,5880,241,3.9
20117,KS,Marshall,6084,5830,254,4.2,5738,5571,167,2.9,5563,5395,168,3
20119,KS,Meade,2470,2387,83,3.4,2419,2348,71,2.9,2377,2313,64,2.7
20121,KS,Miami,16755,15694,1061,6.3,16767,16041,726,4.3,17022,16315,707,4.2
20123,KS,Mitchell,3868,3752,116,3,3777,3652,125,3.3,3696,3574,122,3.3
20125,KS,Montgomery,18407,16984,1423,7.7,16586,15516,1070,6.5,15999,15020,979,6.1
20127,KS,Morris,3203,3008,195,6.1,3106,2973,133,4.3,3051,2934,117,3.8
20129,KS,Morton,1655,1594,61,3.7,1437,1377,60,4.2,1344,1292,52,3.9
2013,AK,Aleutians East Borough,2138,1993,145,6.8,2477,2397,80,3.2,2587,2517,70,2.7
20131,KS,Nemaha,5997,5780,217,3.6,5943,5791,152,2.6,5897,5739,158,2.7
20133,KS,Neosho,6895,6288,607,8.8,6272,5806,466,7.4,6057,5623,434,7.2
20135,KS,Ness,1626,1573,53,3.3,1538,1487,51,3.3,1423,1374,49,3.4
20137,KS,Norton,3144,3046,98,3.1,2951,2878,73,2.5,2872,2802,70,2.4
20139,KS,Osage,8343,7738,605,7.3,8062,7661,401,5,8058,7703,355,4.4
20141,KS,Osborne,2172,2079,93,4.3,2092,2019,73,3.5,2059,1989,70,3.4
20143,KS,Ottawa,3220,3046,174,5.4,3232,3110,122,3.8,3163,3043,120,3.8
20145,KS,Pawnee,3421,3281,140,4.1,3309,3186,123,3.7,3210,3104,106,3.3
20147,KS,Phillips,3012,2877,135,4.5,2956,2861,95,3.2,2857,2767,90,3.2
20149,KS,Pottawatomie,11582,11038,544,4.7,11962,11526,436,3.6,12152,11728,424,3.5
20151,KS,Pratt,5436,5192,244,4.5,5294,5080,214,4,5104,4897,207,4.1
20153,KS,Rawlins,1569,1526,43,2.7,1537,1501,36,2.3,1545,1508,37,2.4
20155,KS,Reno,32067,30318,1749,5.5,30859,29532,1327,4.3,30136,28813,1323,4.4
20157,KS,Republic,2611,2511,100,3.8,2592,2521,71,2.7,2544,2474,70,2.8
20159,KS,Rice,5403,5162,241,4.5,5481,5274,207,3.8,5305,5094,211,4
2016,AK,Aleutians West Census Area,4268,3972,296,6.9,4066,3909,157,3.9,3978,3846,132,3.3
20161,KS,Riley,36247,34667,1580,4.4,35653,34436,1217,3.4,34889,33707,1182,3.4
20163,KS,Rooks,2767,2639,128,4.6,2811,2682,129,4.6,2668,2543,125,4.7
20165,KS,Rush,1891,1803,88,4.7,1796,1733,63,3.5,1732,1663,69,4
20167,KS,Russell,3808,3652,156,4.1,3735,3596,139,3.7,3574,3424,150,4.2
20169,KS,Saline,30708,28940,1768,5.8,30891,29730,1161,3.8,30113,28991,1122,3.7
20171,KS,Scott,2775,2690,85,3.1,2886,2807,79,2.7,2887,2816,71,2.5
20173,KS,Sedgwick,246743,229760,16983,6.9,246927,235164,11763,4.8,247301,235810,11491,4.6
20175,KS,Seward,10828,10383,445,4.1,10629,10171,458,4.3,10232,9787,445,4.3
20177,KS,Shawnee,91978,86288,5690,6.2,91287,87421,3866,4.2,91684,88015,3669,4
20179,KS,Sheridan,1546,1503,43,2.8,1483,1450,33,2.2,1449,1414,35,2.4
20181,KS,Sherman,3217,3094,123,3.8,3093,3003,90,2.9,2942,2845,97,3.3
20183,KS,Smith,2215,2128,87,3.9,2095,2014,81,3.9,2034,1969,65,3.2
20185,KS,Stafford,2218,2115,103,4.6,2184,2097,87,4,2095,2018,77,3.7
20187,KS,Stanton,1048,1011,37,3.5,1062,1030,32,3,1071,1041,30,2.8
20189,KS,Stevens,2886,2784,102,3.5,3180,3062,118,3.7,2908,2793,115,4
20191,KS,Sumner,11298,10578,720,6.4,11085,10593,492,4.4,10933,10470,463,4.2
20193,KS,Thomas,4542,4385,157,3.5,4417,4301,116,2.6,4352,4233,119,2.7
20195,KS,Trego,1509,1444,65,4.3,1510,1457,53,3.5,1476,1417,59,4
20197,KS,Wabaunsee,3786,3581,205,5.4,3735,3591,144,3.9,3706,3574,132,3.6
20199,KS,Wallace,872,835,37,4.2,877,853,24,2.7,860,837,23,2.7
2020,AK,Anchorage Borough/municipality,158380,149897,8483,5.4,156808,148903,7905,5,155461,146890,8571,5.5
20201,KS,Washington,3248,3113,135,4.2,3130,3032,98,3.1,3084,2983,101,3.3
20203,KS,Wichita,1332,1262,70,5.3,1256,1219,37,2.9,1206,1178,28,2.3
20205,KS,Wilson,4188,3772,416,9.9,4010,3747,263,6.6,4116,3869,247,6
20207,KS,Woodson,1644,1542,102,6.2,1612,1531,81,5,1617,1524,93,5.8
20209,KS,Wyandotte,74381,68103,6278,8.4,76199,71625,4574,6,76434,72196,4238,5.5
2050,AK,Bethel Census Area,7211,6103,1108,15.4,7366,6306,1060,14.4,7246,6214,1032,14.2
2060,AK,Bristol Bay Borough,481,434,47,9.8,382,346,36,9.4,413,384,29,7
2068,AK,Denali Borough,1047,903,144,13.8,1071,977,94,8.8,1094,995,99,9
2070,AK,Dillingham Census Area,2132,1921,211,9.9,2042,1844,198,9.7,2077,1877,200,9.6
2090,AK,Fairbanks North Star Borough,48197,45264,2933,6.1,46412,43877,2535,5.5,46449,43717,2732,5.9
2100,AK,Haines Borough,1108,997,111,10,1087,980,107,9.8,1074,964,110,10.2
21001,KY,Adair,7826,7083,743,9.5,7221,6703,518,7.2,7081,6610,471,6.7
21003,KY,Allen,9024,8302,722,8,8667,8245,422,4.9,8845,8461,384,4.3
21005,KY,Anderson,11540,10744,796,6.9,11337,10870,467,4.1,11449,10985,464,4.1
21007,KY,Ballard,3881,3527,354,9.1,3601,3353,248,6.9,3641,3314,327,9
21009,KY,Barren,19833,18273,1560,7.9,18430,17476,954,5.2,18845,17952,893,4.7
21011,KY,Bath,4890,4382,508,10.4,4686,4325,361,7.7,4756,4403,353,7.4
21013,KY,Bell,10269,9043,1226,11.9,8722,7974,748,8.6,8655,7855,800,9.2
21015,KY,Boone,65398,60924,4474,6.8,65612,62944,2668,4.1,67213,64634,2579,3.8
21017,KY,Bourbon,9847,9132,715,7.3,9742,9282,460,4.7,9872,9399,473,4.8
21019,KY,Boyd,20080,18210,1870,9.3,18304,17048,1256,6.9,18539,17026,1513,8.2
21021,KY,Boyle,13074,11900,1174,9,12018,11352,666,5.5,12304,11690,614,5
21023,KY,Bracken,3950,3577,373,9.4,3724,3490,234,6.3,3829,3597,232,6.1
21025,KY,Breathitt,4538,3882,656,14.5,3816,3441,375,9.8,3745,3374,371,9.9
21027,KY,Breckinridge,8282,7482,800,9.7,7654,7181,473,6.2,7730,7242,488,6.3
21029,KY,Bullitt,39265,36099,3166,8.1,39417,37629,1788,4.5,40495,38800,1695,4.2
21031,KY,Butler,5411,4925,486,9,5092,4792,300,5.9,5158,4875,283,5.5
21033,KY,Caldwell,5677,5205,472,8.3,5298,5003,295,5.6,5351,5058,293,5.5
21035,KY,Calloway,18306,17014,1292,7.1,18545,17683,862,4.6,18678,17827,851,4.6
21037,KY,Campbell,48813,45437,3376,6.9,47787,45812,1975,4.1,48680,46805,1875,3.9
21039,KY,Carlisle,2341,2154,187,8,2226,2095,131,5.9,2562,2396,166,6.5
21041,KY,Carroll,5065,4547,518,10.2,5007,4730,277,5.5,5179,4921,258,5
21043,KY,Carter,11492,10056,1436,12.5,9936,8932,1004,10.1,9939,8883,1056,10.6
21045,KY,Casey,6861,6287,574,8.4,6505,6129,376,5.8,6684,6359,325,4.9
21047,KY,Christian,26742,24249,2493,9.3,24935,23354,1581,6.3,24878,23338,1540,6.2
21049,KY,Clark,17416,15998,1418,8.1,16869,15992,877,5.2,17009,16185,824,4.8
2105,AK,Hoonah-Angoon Census Area,1109,950,159,14.3,1134,962,172,15.2,1205,1062,143,11.9
21051,KY,Clay,5956,5123,833,14,5285,4772,513,9.7,5451,4895,556,10.2
21053,KY,Clinton,4250,3788,462,10.9,3792,3475,317,8.4,3748,3464,284,7.6
21055,KY,Crittenden,4159,3839,320,7.7,3717,3511,206,5.5,4019,3807,212,5.3
21057,KY,Cumberland,3119,2783,336,10.8,2868,2695,173,6,2888,2722,166,5.7
21059,KY,Daviess,48254,44882,3372,7,45596,43501,2095,4.6,46651,44552,2099,4.5
21061,KY,Edmonson,5033,4532,501,10,4681,4352,329,7,4802,4502,300,6.2
21063,KY,Elliott,2304,1973,331,14.4,2037,1827,210,10.3,2098,1855,243,11.6
21065,KY,Estill,5619,5058,561,10,5193,4871,322,6.2,5238,4927,311,5.9
21067,KY,Fayette,166267,156579,9688,5.8,167896,161462,6434,3.8,171309,165151,6158,3.6
21069,KY,Fleming,6478,5892,586,9,6073,5688,385,6.3,5941,5569,372,6.3
21071,KY,Floyd,13738,12144,1594,11.6,11557,10462,1095,9.5,11453,10150,1303,11.4
21073,KY,Franklin,24555,22914,1641,6.7,24314,23280,1034,4.3,24424,23422,1002,4.1
21075,KY,Fulton,2483,2202,281,11.3,2063,1904,159,7.7,2066,1922,144,7
21077,KY,Gallatin,3944,3576,368,9.3,3842,3644,198,5.2,3900,3710,190,4.9
21079,KY,Garrard,7752,7098,654,8.4,7491,7104,387,5.2,7520,7152,368,4.9
21081,KY,Grant,11501,10462,1039,9,11085,10496,589,5.3,11341,10785,556,4.9
21083,KY,Graves,16667,15293,1374,8.2,15116,14175,941,6.2,15299,14340,959,6.3
21085,KY,Grayson,11312,10150,1162,10.3,10504,9798,706,6.7,10722,9997,725,6.8
21087,KY,Green,5454,5000,454,8.3,4964,4699,265,5.3,4996,4770,226,4.5
21089,KY,Greenup,15042,13553,1489,9.9,13742,12696,1046,7.6,13884,12674,1210,8.7
21091,KY,Hancock,4150,3853,297,7.2,3887,3694,193,5,4037,3819,218,5.4
21093,KY,Hardin,47576,43682,3894,8.2,46591,44283,2308,5,47758,45602,2156,4.5
21095,KY,Harlan,9926,8527,1399,14.1,6990,6103,887,12.7,6744,5851,893,13.2
21097,KY,Harrison,8901,8199,702,7.9,8321,7934,387,4.7,8487,8084,403,4.7
21099,KY,Hart,8138,7464,674,8.3,7665,7271,394,5.1,7896,7520,376,4.8
2110,AK,Juneau Borough/city,17904,16991,913,5.1,17095,16289,806,4.7,17338,16559,779,4.5
21101,KY,Henderson,22636,20932,1704,7.5,21415,20382,1033,4.8,21589,20556,1033,4.8
21103,KY,Henry,7700,7138,562,7.3,7660,7304,356,4.6,7920,7592,328,4.1
21105,KY,Hickman,2165,1990,175,8.1,1926,1809,117,6.1,1920,1804,116,6
21107,KY,Hopkins,21582,19918,1664,7.7,19115,18017,1098,5.7,19624,18495,1129,5.8
21109,KY,Jackson,5177,4568,609,11.8,4191,3816,375,8.9,4166,3834,332,8
21111,KY,Jefferson,382602,352234,30368,7.9,377447,359404,18043,4.8,386432,369244,17188,4.4
21113,KY,Jessamine,24812,23151,1661,6.7,25261,24203,1058,4.2,25643,24630,1013,4
21115,KY,Johnson,8597,7724,873,10.2,7161,6527,634,8.9,7012,6285,727,10.4
21117,KY,Kenton,84380,78150,6230,7.4,83251,79580,3671,4.4,84655,81154,3501,4.1
21119,KY,Knott,5829,5025,804,13.8,4711,4229,482,10.2,4559,4028,531,11.6
21121,KY,Knox,10555,9201,1354,12.8,9732,8934,798,8.2,9894,9098,796,8
21123,KY,Larue,5950,5440,510,8.6,5859,5560,299,5.1,5895,5621,274,4.6
21125,KY,Laurel,24895,22361,2534,10.2,23383,21920,1463,6.3,23901,22408,1493,6.2
21127,KY,Lawrence,5636,5039,597,10.6,4971,4496,475,9.6,5042,4488,554,11
21129,KY,Lee,2431,2124,307,12.6,1975,1803,172,8.7,1898,1711,187,9.9
21131,KY,Leslie,3594,3081,513,14.3,2870,2549,321,11.2,2791,2412,379,13.6
21133,KY,Letcher,8582,7425,1157,13.5,6608,5840,768,11.6,6425,5623,802,12.5
21135,KY,Lewis,5382,4755,627,11.6,4791,4365,426,8.9,4743,4273,470,9.9
21137,KY,Lincoln,10102,9062,1040,10.3,9033,8423,610,6.8,9143,8583,560,6.1
21139,KY,Livingston,3973,3588,385,9.7,3679,3414,265,7.2,3685,3418,267,7.2
21141,KY,Logan,12192,11271,921,7.6,11447,10896,551,4.8,11722,11204,518,4.4
21143,KY,Lyon,3102,2817,285,9.2,2865,2700,165,5.8,2960,2784,176,5.9
21145,KY,McCracken,30912,28451,2461,8,28735,27086,1649,5.7,28986,27303,1683,5.8
21147,KY,McCreary,5475,4753,722,13.2,4634,4240,394,8.5,4601,4227,374,8.1
21149,KY,McLean,4560,4212,348,7.6,4255,4047,208,4.9,4329,4119,210,4.9
21151,KY,Madison,44628,41617,3011,6.7,45187,43241,1946,4.3,45073,43173,1900,4.2
21153,KY,Magoffin,4036,3343,693,17.2,3326,2801,525,15.8,3147,2520,627,19.9
21155,KY,Marion,9175,8363,812,8.9,9118,8669,449,4.9,9393,8993,400,4.3
21157,KY,Marshall,15369,14125,1244,8.1,14808,13977,831,5.6,14903,14032,871,5.8
21159,KY,Martin,3768,3424,344,9.1,3088,2778,310,10,3084,2764,320,10.4
21161,KY,Mason,7619,6901,718,9.4,7288,6838,450,6.2,7134,6675,459,6.4
21163,KY,Meade,12631,11398,1233,9.8,11786,11130,656,5.6,12082,11455,627,5.2
21165,KY,Menifee,2545,2249,296,11.6,2354,2151,203,8.6,2393,2184,209,8.7
21167,KY,Mercer,10246,9401,845,8.2,9674,9186,488,5,9881,9400,481,4.9
21169,KY,Metcalfe,4426,4074,352,8,4020,3811,209,5.2,4117,3927,190,4.6
21171,KY,Monroe,4800,4454,346,7.2,4490,4292,198,4.4,4599,4403,196,4.3
21173,KY,Montgomery,12326,11237,1089,8.8,11707,10937,770,6.6,11848,11080,768,6.5
21175,KY,Morgan,5221,4666,555,10.6,4407,4039,368,8.4,4484,4122,362,8.1
21177,KY,Muhlenberg,12413,11198,1215,9.8,11504,10670,834,7.2,11357,10520,837,7.4
21179,KY,Nelson,21897,20086,1811,8.3,21015,19951,1064,5.1,21688,20693,995,4.6
21181,KY,Nicholas,3535,3244,291,8.2,3175,2976,199,6.3,3217,3031,186,5.8
21183,KY,Ohio,10383,9482,901,8.7,9309,8715,594,6.4,9519,8877,642,6.7
21185,KY,Oldham,29797,28045,1752,5.9,30933,29729,1204,3.9,31895,30804,1091,3.4
21187,KY,Owen,5750,5373,377,6.6,5370,5147,223,4.2,5484,5247,237,4.3
21189,KY,Owsley,1327,1157,170,12.8,1138,1022,116,10.2,1120,1010,110,9.8
21191,KY,Pendleton,7064,6440,624,8.8,6673,6317,356,5.3,6845,6514,331,4.8
21193,KY,Perry,10957,9582,1375,12.5,8803,8002,801,9.1,8553,7620,933,10.9
21195,KY,Pike,24197,21855,2342,9.7,20852,18913,1939,9.3,20235,18019,2216,11
21197,KY,Powell,5069,4516,553,10.9,4859,4514,345,7.1,4956,4598,358,7.2
21199,KY,Pulaski,27305,24725,2580,9.4,25445,23941,1504,5.9,25368,23976,1392,5.5
21201,KY,Robertson,849,762,87,10.2,781,730,51,6.5,804,754,50,6.2
21203,KY,Rockcastle,7190,6457,733,10.2,6874,6434,440,6.4,6679,6268,411,6.2
21205,KY,Rowan,11189,10258,931,8.3,10292,9680,612,5.9,10567,9936,631,6
21207,KY,Russell,7224,6478,746,10.3,6145,5422,723,11.8,6136,5616,520,8.5
21209,KY,Scott,25810,24124,1686,6.5,26914,25852,1062,3.9,27963,26893,1070,3.8
21211,KY,Shelby,22277,20888,1389,6.2,22894,21974,920,4,23784,22929,855,3.6
21213,KY,Simpson,8965,8200,765,8.5,8323,7924,399,4.8,8384,8006,378,4.5
21215,KY,Spencer,9263,8611,652,7,9257,8861,396,4.3,9646,9276,370,3.8
21217,KY,Taylor,11685,10565,1120,9.6,11775,11065,710,6,12213,11601,612,5
21219,KY,Todd,5674,5243,431,7.6,5230,4977,253,4.8,5299,5061,238,4.5
2122,AK,Kenai Peninsula Borough,27367,25003,2364,8.6,27646,25480,2166,7.8,27161,24847,2314,8.5
21221,KY,Trigg,6034,5469,565,9.4,5725,5397,328,5.7,5816,5487,329,5.7
21223,KY,Trimble,3988,3628,360,9,3841,3625,216,5.6,3866,3656,210,5.4
21225,KY,Union,7024,6476,548,7.8,6127,5712,415,6.8,6160,5738,422,6.9
21227,KY,Warren,59961,55795,4166,6.9,59459,56799,2660,4.5,61929,59489,2440,3.9
21229,KY,Washington,6211,5746,465,7.5,5954,5688,266,4.5,6076,5814,262,4.3
21231,KY,Wayne,7733,6730,1003,13,7030,6457,573,8.2,7258,6696,562,7.7
21233,KY,Webster,6252,5808,444,7.1,5959,5647,312,5.2,5829,5476,353,6.1
21235,KY,Whitley,13879,12400,1479,10.7,13119,12227,892,6.8,13344,12457,887,6.6
21237,KY,Wolfe,2103,1804,299,14.2,1909,1715,194,10.2,1918,1722,196,10.2
21239,KY,Woodford,14127,13369,758,5.4,14371,13867,504,3.5,14745,14268,477,3.2
2130,AK,Ketchikan Gateway Borough,7177,6594,583,8.1,6965,6485,480,6.9,7026,6566,460,6.5
2150,AK,Kodiak Island Borough,6717,6268,449,6.7,6622,6303,319,4.8,6416,6086,330,5.1
2158,AK,Kusilvak Census Area,2768,2156,612,22.1,2811,2161,650,23.1,2725,2136,589,21.6
2164,AK,Lake and Peninsula Borough,637,540,97,15.2,646,565,81,12.5,655,573,82,12.5
2170,AK,Matanuska-Susitna Borough,43757,39968,3789,8.7,46199,42647,3552,7.7,47408,43505,3903,8.2
2180,AK,Nome Census Area,4178,3690,488,11.7,4084,3597,487,11.9,4084,3565,519,12.7
2185,AK,North Slope Borough,4027,3715,312,7.7,4306,4060,246,5.7,3953,3685,268,6.8
2188,AK,Northwest Arctic Borough,3031,2554,477,15.7,2911,2445,466,16,2964,2490,474,16
2195,AK,Petersburg Borough,1878,1725,153,8.1,1494,1361,133,8.9,1450,1319,131,9
2198,AK,Prince of Wales-Hyder Census Area,2591,2247,344,13.3,2764,2416,348,12.6,2768,2431,337,12.2
22001,LA,Acadia Parish,26135,24571,1564,6,25814,24047,1767,6.8,24508,22701,1807,7.4
22003,LA,Allen Parish,9098,8372,726,8,8823,8209,614,7,8898,8328,570,6.4
22005,LA,Ascension Parish,54849,51502,3347,6.1,61641,58523,3118,5.1,61985,58960,3025,4.9
22007,LA,Assumption Parish,9950,8988,962,9.7,9801,9029,772,7.9,9206,8435,771,8.4
22009,LA,Avoyelles Parish,16369,15130,1239,7.6,15962,14762,1200,7.5,15683,14577,1106,7.1
22011,LA,Beauregard Parish,14413,13327,1086,7.5,15192,14229,963,6.3,15063,14154,909,6
22013,LA,Bienville Parish,5954,5417,537,9,5802,5320,482,8.3,5664,5234,430,7.6
22015,LA,Bossier Parish,57312,54006,3306,5.8,58174,54887,3287,5.7,57582,54526,3056,5.3
22017,LA,Caddo Parish,113533,104787,8746,7.7,110277,102400,7877,7.1,107033,99969,7064,6.6
22019,LA,Calcasieu Parish,87905,81839,6066,6.9,99199,93850,5349,5.4,102880,97972,4908,4.8
22021,LA,Caldwell Parish,4003,3653,350,8.7,4026,3692,334,8.3,3983,3679,304,7.6
22023,LA,Cameron Parish,3226,3057,169,5.2,3667,3496,171,4.7,3818,3651,167,4.4
22025,LA,Catahoula Parish,3918,3568,350,8.9,3613,3266,347,9.6,3423,3105,318,9.3
22027,LA,Claiborne Parish,7021,6498,523,7.4,6186,5733,453,7.3,5950,5554,396,6.7
22029,LA,Concordia Parish,7827,7137,690,8.8,7540,6887,653,8.7,7250,6652,598,8.2
22031,LA,De Soto Parish,11195,10188,1007,9,11077,10193,884,8,10889,10090,799,7.3
22033,LA,East Baton Rouge Parish,222248,207284,14964,6.7,235068,222312,12756,5.4,232123,220186,11937,5.1
22035,LA,East Carroll Parish,2190,1751,439,20,2217,1904,313,14.1,2139,1892,247,11.5
22037,LA,East Feliciana Parish,7960,7361,599,7.5,8211,7722,489,6,8103,7637,466,5.8
22039,LA,Evangeline Parish,12833,11882,951,7.4,12988,12009,979,7.5,12671,11734,937,7.4
22041,LA,Franklin Parish,7696,6896,800,10.4,7520,6791,729,9.7,7278,6620,658,9
22043,LA,Grant Parish,8224,7574,650,7.9,8473,7852,621,7.3,8325,7744,581,7
22045,LA,Iberia Parish,32236,30056,2180,6.8,31824,29241,2583,8.1,30109,27287,2822,9.4
22047,LA,Iberville Parish,13892,12589,1303,9.4,14406,13352,1054,7.3,14108,13144,964,6.8
22049,LA,Jackson Parish,6831,6366,465,6.8,7254,6820,434,6,7083,6689,394,5.6
22051,LA,Jefferson Parish,212225,198018,14207,6.7,219440,206824,12616,5.7,216487,205085,11402,5.3
22053,LA,Jefferson Davis Parish,12975,12131,844,6.5,13597,12754,843,6.2,13575,12760,815,6
22055,LA,Lafayette Parish,116591,110733,5858,5,120075,113260,6815,5.7,114348,107348,7000,6.1
22057,LA,Lafourche Parish,45425,43027,2398,5.3,46629,44105,2524,5.4,43292,40577,2715,6.3
22059,LA,LaSalle Parish,6737,6395,342,5.1,6605,6149,456,6.9,6270,5856,414,6.6
22061,LA,Lincoln Parish,19485,17806,1679,8.6,21059,19587,1472,7,21464,20133,1331,6.2
22063,LA,Livingston Parish,62147,58167,3980,6.4,68282,64782,3500,5.1,68676,65206,3470,5.1
22065,LA,Madison Parish,3891,3422,469,12.1,3903,3540,363,9.3,3834,3491,343,8.9
22067,LA,Morehouse Parish,11243,9778,1465,13,10820,9630,1190,11,10620,9593,1027,9.7
22069,LA,Natchitoches Parish,16036,14601,1435,8.9,16568,15309,1259,7.6,16711,15590,1121,6.7
22071,LA,Orleans Parish,168791,155488,13303,7.9,182014,170157,11857,6.5,179964,169433,10531,5.9
22073,LA,Ouachita Parish,70713,65263,5450,7.7,72271,67465,4806,6.6,71554,67212,4342,6.1
22075,LA,Plaquemines Parish,10126,9525,601,5.9,10326,9748,578,5.6,10184,9641,543,5.3
22077,LA,Pointe Coupee Parish,9883,9074,809,8.2,10125,9456,669,6.6,9959,9315,644,6.5
22079,LA,Rapides Parish,57231,53206,4025,7,58190,54430,3760,6.5,57274,53751,3523,6.2
22081,LA,Red River Parish,3946,3657,289,7.3,3916,3645,271,6.9,3809,3580,229,6
22083,LA,Richland Parish,8666,7823,843,9.7,8664,7907,757,8.7,8445,7819,626,7.4
22085,LA,Sabine Parish,9213,8572,641,7,9477,8800,677,7.1,9138,8507,631,6.9
22087,LA,St. Bernard Parish,17640,16235,1405,8,19721,18419,1302,6.6,19546,18360,1186,6.1
22089,LA,St. Charles Parish,24715,23094,1621,6.6,25612,24146,1466,5.7,25323,23980,1343,5.3
22091,LA,St. Helena Parish,4600,4045,555,12.1,4531,4119,412,9.1,4390,4055,335,7.6
22093,LA,St. James Parish,9661,8684,977,10.1,9805,8973,832,8.5,9606,8889,717,7.5
22095,LA,St. John the Baptist Parish,20513,18611,1902,9.3,20378,18852,1526,7.5,20055,18687,1368,6.8
22097,LA,St. Landry Parish,33401,30626,2775,8.3,33781,31067,2714,8,32807,30164,2643,8.1
22099,LA,St. Martin Parish,24223,22716,1507,6.2,24078,22421,1657,6.9,22962,21186,1776,7.7
22101,LA,St. Mary Parish,25413,23510,1903,7.5,24264,22416,1848,7.6,21937,19883,2054,9.4
22103,LA,St. Tammany Parish,108755,102332,6423,5.9,117457,111128,6329,5.4,117490,111662,5828,5
22105,LA,Tangipahoa Parish,53029,48506,4523,8.5,54218,50300,3918,7.2,54160,50516,3644,6.7
22107,LA,Tensas Parish,1815,1619,196,10.8,1718,1550,168,9.8,1626,1467,159,9.8
22109,LA,Terrebonne Parish,51017,48306,2711,5.3,53010,49842,3168,6,48950,45547,3403,7
22111,LA,Union Parish,9220,8457,763,8.3,9355,8685,670,7.2,9242,8638,604,6.5
22113,LA,Vermilion Parish,25807,24326,1481,5.7,25839,24044,1795,6.9,24701,22825,1876,7.6
22115,LA,Vernon Parish,18881,17320,1561,8.3,17431,16075,1356,7.8,16928,15705,1223,7.2
22117,LA,Washington Parish,16478,15026,1452,8.8,17043,15742,1301,7.6,16944,15757,1187,7
22119,LA,Webster Parish,16084,14536,1548,9.6,15581,14206,1375,8.8,15198,13905,1293,8.5
22121,LA,West Baton Rouge Parish,11908,11088,820,6.9,13258,12515,743,5.6,13241,12537,704,5.3
22123,LA,West Carroll Parish,4160,3594,566,13.6,4122,3568,554,13.4,4103,3614,489,11.9
22125,LA,West Feliciana Parish,5131,4820,311,6.1,5405,5120,285,5.3,5328,5053,275,5.2
22127,LA,Winn Parish,5690,5205,485,8.5,5339,4887,452,8.5,5184,4783,401,7.7
2220,AK,Sitka Borough/city,4647,4384,263,5.7,4602,4390,212,4.6,4371,4169,202,4.6
2230,AK,Skagway Municipality,754,648,106,14.1,813,719,94,11.6,805,715,90,11.2
2240,AK,Southeast Fairbanks Census Area,3038,2647,391,12.9,3010,2689,321,10.7,2996,2674,322,10.7
2261,AK,Valdez-Cordova Census Area,4894,4419,475,9.7,4882,4459,423,8.7,4810,4396,414,8.6
2275,AK,Wrangell Borough/city,1026,942,84,8.2,1031,950,81,7.9,1055,975,80,7.6
2282,AK,Yakutat Borough/city,288,260,28,9.7,259,237,22,8.5,243,223,20,8.2
2290,AK,Yukon-Koyukuk Census Area,2773,2291,482,17.4,2412,1969,443,18.4,2423,1990,433,17.9
23001,ME,Androscoggin,56388,52019,4369,7.7,54794,52511,2283,4.2,55265,53284,1981,3.6
23003,ME,Aroostook,34192,31008,3184,9.3,31699,29826,1873,5.9,31428,29723,1705,5.4
23005,ME,Cumberland,159792,150251,9541,6,157886,152476,5410,3.4,161752,157049,4703,2.9
23007,ME,Franklin,15486,14145,1341,8.7,14532,13841,691,4.8,14427,13783,644,4.5
23009,ME,Hancock,29970,27377,2593,8.7,29054,27438,1616,5.6,29139,27826,1313,4.5
23011,ME,Kennebec,63164,58636,4528,7.2,61613,59006,2607,4.2,62216,59952,2264,3.6
23013,ME,Knox,20617,19190,1427,6.9,20470,19632,838,4.1,20683,19956,727,3.5
23015,ME,Lincoln,17256,15993,1263,7.3,16723,15981,742,4.4,16992,16364,628,3.7
23017,ME,Oxford,27903,25196,2707,9.7,26525,25084,1441,5.4,26532,25306,1226,4.6
23019,ME,Penobscot,79928,73723,6205,7.8,76846,73216,3630,4.7,76882,73553,3329,4.3
23021,ME,Piscataquis,7880,7132,748,9.5,7451,7040,411,5.5,7466,7095,371,5
23023,ME,Sagadahoc,19210,17941,1269,6.6,18929,18265,664,3.5,19165,18598,567,3
23025,ME,Somerset,24628,22162,2466,10,23628,22083,1545,6.5,23453,22136,1317,5.6
23027,ME,Waldo,20684,18977,1707,8.3,20612,19541,1071,5.2,20836,19962,874,4.2
23029,ME,Washington,14751,13227,1524,10.3,13988,13097,891,6.4,13989,13214,775,5.5
23031,ME,York,110789,103143,7646,6.9,108457,104205,4252,3.9,111002,107258,3744,3.4
24001,MD,Allegany,33848,30831,3017,8.9,32268,30019,2249,7,32431,30399,2032,6.3
24003,MD,Anne Arundel,293697,276068,17629,6,300734,287527,13207,4.4,303551,291922,11629,3.8
24005,MD,Baltimore,440264,407899,32365,7.4,444695,421196,23499,5.3,445314,424500,20814,4.7
24009,MD,Calvert,47708,44717,2991,6.3,46983,44828,2155,4.6,48799,46903,1896,3.9
24011,MD,Caroline,17611,16248,1363,7.7,17459,16508,951,5.4,17669,16821,848,4.8
24013,MD,Carroll,93264,87757,5507,5.9,92993,89073,3920,4.2,93109,89703,3406,3.7
24015,MD,Cecil,51886,47561,4325,8.3,52551,49406,3145,6,52648,49884,2764,5.2
24017,MD,Charles,79556,74251,5305,6.7,80462,76461,4001,5,83915,80334,3581,4.3
24019,MD,Dorchester,16173,14420,1753,10.8,15795,14665,1130,7.2,15896,14903,993,6.2
24021,MD,Frederick,128608,120759,7849,6.1,128447,122710,5737,4.5,128673,123623,5050,3.9
24023,MD,Garrett,15829,14517,1312,8.3,15630,14645,985,6.3,15511,14627,884,5.7
24025,MD,Harford,135560,126145,9415,6.9,135790,129121,6669,4.9,136366,130580,5786,4.2
24027,MD,Howard,168218,159781,8437,5,176626,169904,6722,3.8,179270,173325,5945,3.3
24029,MD,Kent,10629,9819,810,7.6,10568,10005,563,5.3,10246,9745,501,4.9
24031,MD,Montgomery,540440,512451,27989,5.2,547058,525766,21292,3.9,545139,526217,18922,3.5
24033,MD,Prince George's,484976,449677,35299,7.3,486296,460826,25470,5.2,500516,478131,22385,4.5
24035,MD,Queen Anne's,26732,25042,1690,6.3,26606,25407,1199,4.5,26594,25549,1045,3.9
24037,MD,St. Mary's,54491,51103,3388,6.2,54555,51911,2644,4.8,54797,52456,2341,4.3
24039,MD,Somerset,9740,8643,1097,11.3,9220,8462,758,8.2,9242,8568,674,7.3
24041,MD,Talbot,19414,18016,1398,7.2,19256,18312,944,4.9,19541,18717,824,4.2
24043,MD,Washington,77166,71120,6046,7.8,76636,72341,4295,5.6,75424,71535,3889,5.2
24045,MD,Wicomico,50475,45732,4743,9.4,50195,46792,3403,6.8,50465,47306,3159,6.3
24047,MD,Worcester,26118,22743,3375,12.9,25449,22761,2688,10.6,25244,22888,2356,9.3
24510,MD,Baltimore city,297246,267009,30237,10.2,293482,271363,22119,7.5,289714,270515,19199,6.6
25001,MA,Barnstable,108240,99066,9174,8.5,111629,104814,6815,6.1,111689,106206,5483,4.9
25003,MA,Berkshire,66255,61399,4856,7.3,65305,61781,3524,5.4,64454,61553,2901,4.5
25005,MA,Bristol,285229,260377,24852,8.7,289123,271367,17756,6.1,290092,275783,14309,4.9
25007,MA,Dukes,9329,8502,827,8.9,9460,8842,618,6.5,9357,8873,484,5.2
25009,MA,Essex,395470,367511,27959,7.1,407973,387578,20395,5,410886,394525,16361,4
25011,MA,Franklin,39592,37187,2405,6.1,39456,37723,1733,4.4,39568,38181,1387,3.5
25013,MA,Hampden,219167,200394,18773,8.6,222766,208514,14252,6.4,222185,210509,11676,5.3
25015,MA,Hampshire,85258,80311,4947,5.8,87393,83453,3940,4.5,88113,84914,3199,3.6
25017,MA,Middlesex,831746,786722,45024,5.4,863794,829932,33862,3.9,874454,846752,27702,3.2
25019,MA,Nantucket/town,6385,5886,499,7.8,6970,6595,375,5.4,7053,6740,313,4.4
25021,MA,Norfolk,358841,338415,20426,5.7,369268,353870,15398,4.2,372849,360254,12595,3.4
25023,MA,Plymouth,260287,242055,18232,7,268348,254783,13565,5.1,271026,259990,11036,4.1
25025,MA,Suffolk,401378,376766,24612,6.1,421127,402568,18559,4.4,427583,412442,15141,3.5
25027,MA,Worcester,417983,387939,30044,7.2,427736,405970,21766,5.1,430379,412716,17663,4.1
26001,MI,Alcona,3711,3240,471,12.7,3804,3498,306,8,3829,3537,292,7.6
26003,MI,Alger,3433,3024,409,11.9,3228,2952,276,8.6,3264,2996,268,8.2
26005,MI,Allegan,56649,52482,4167,7.4,60443,57933,2510,4.2,61308,58928,2380,3.9
26007,MI,Alpena,13386,12084,1302,9.7,13611,12760,851,6.3,13653,12845,808,5.9
26009,MI,Antrim,10001,8848,1153,11.5,9985,9237,748,7.5,10071,9362,709,7
26011,MI,Arenac,6528,5694,834,12.8,6225,5665,560,9,6122,5617,505,8.2
26013,MI,Baraga,3533,3036,497,14.1,3296,2994,302,9.2,3221,2957,264,8.2
26015,MI,Barry,28950,26968,1982,6.8,30205,28905,1300,4.3,30760,29532,1228,4
26017,MI,Bay,52851,48230,4621,8.7,52185,49165,3020,5.8,51898,49081,2817,5.4
26019,MI,Benzie,8523,7631,892,10.5,8672,8065,607,7,8840,8261,579,6.5
26021,MI,Berrien,73289,66664,6625,9,73366,69532,3834,5.2,73829,70173,3656,5
26023,MI,Branch,18642,16992,1650,8.9,19138,18157,981,5.1,19110,18192,918,4.8
26025,MI,Calhoun,62221,57015,5206,8.4,64125,60849,3276,5.1,64433,61344,3089,4.8
26027,MI,Cass,23748,21744,2004,8.4,24008,22790,1218,5.1,24350,23213,1137,4.7
26029,MI,Charlevoix,12909,11515,1394,10.8,13041,12252,789,6.1,13057,12340,717,5.5
26031,MI,Cheboygan,10499,9255,1244,11.8,10680,9703,977,9.1,10817,9803,1014,9.4
26033,MI,Chippewa,17105,15386,1719,10,16684,15382,1302,7.8,16393,15139,1254,7.6
26035,MI,Clare,11961,10545,1416,11.8,11776,10861,915,7.8,11958,11086,872,7.3
26037,MI,Clinton,38504,36153,2351,6.1,39725,38164,1561,3.9,40517,39025,1492,3.7
26039,MI,Crawford,5368,4736,632,11.8,5271,4857,414,7.9,5368,4963,405,7.5
26041,MI,Delta,17505,15777,1728,9.9,17233,16059,1174,6.8,17124,16005,1119,6.5
26043,MI,Dickinson,12633,11566,1067,8.4,12599,11884,715,5.7,12508,11861,647,5.2
26045,MI,Eaton,54878,51079,3799,6.9,55833,53355,2478,4.4,56913,54574,2339,4.1
26047,MI,Emmet,17792,15666,2126,11.9,17627,16352,1275,7.2,17600,16459,1141,6.5
26049,MI,Genesee,181201,163066,18135,10,181656,170568,11088,6.1,182592,172324,10268,5.6
26051,MI,Gladwin,9926,8752,1174,11.8,9974,9246,728,7.3,9889,9200,689,7
26053,MI,Gogebic,6786,6033,753,11.1,6491,6015,476,7.3,6337,5950,387,6.1
26055,MI,Grand Traverse,46358,42529,3829,8.3,48427,46161,2266,4.7,49398,47286,2112,4.3
26057,MI,Gratiot,18575,16905,1670,9,18283,17243,1040,5.7,18175,17236,939,5.2
26059,MI,Hillsdale,20458,18586,1872,9.2,21016,19910,1106,5.3,21183,20114,1069,5
26061,MI,Houghton,16904,15390,1514,9,16559,15504,1055,6.4,16570,15558,1012,6.1
26063,MI,Huron,16389,15069,1320,8.1,16356,15472,884,5.4,16002,15177,825,5.2
26065,MI,Ingham,143174,131953,11221,7.8,145756,138930,6826,4.7,148976,142603,6373,4.3
26067,MI,Ionia,28620,26190,2430,8.5,29343,27999,1344,4.6,29666,28418,1248,4.2
26069,MI,Iosco,10148,9010,1138,11.2,10091,9328,763,7.6,10112,9378,734,7.3
26071,MI,Iron,5079,4594,485,9.5,5204,4836,368,7.1,5217,4882,335,6.4
26073,MI,Isabella,34701,32136,2565,7.4,35287,33588,1699,4.8,35364,33709,1655,4.7
26075,MI,Jackson,71562,65453,6109,8.5,73003,69131,3872,5.3,74432,70838,3594,4.8
26077,MI,Kalamazoo,124591,115564,9027,7.2,129090,123458,5632,4.4,132066,126724,5342,4
26079,MI,Kalkaska,7429,6588,841,11.3,7623,7036,587,7.7,7722,7169,553,7.2
26081,MI,Kent,319697,297920,21777,6.8,342320,329402,12918,3.8,350491,338188,12303,3.5
26083,MI,Keweenaw,984,859,125,12.7,939,852,87,9.3,942,861,81,8.6
26085,MI,Lake,3661,3183,478,13.1,3677,3361,316,8.6,3754,3473,281,7.5
26087,MI,Lapeer,39714,35095,4619,11.6,39802,36938,2864,7.2,40747,38113,2634,6.5
26089,MI,Leelanau,10163,9347,816,8,10579,10020,559,5.3,10577,10065,512,4.8
26091,MI,Lenawee,47498,43522,3976,8.4,47451,45067,2384,5,47366,45198,2168,4.6
26093,MI,Livingston,93153,85806,7347,7.9,96623,92159,4464,4.6,100082,95969,4113,4.1
26095,MI,Luce,2366,2107,259,10.9,2458,2286,172,7,2403,2241,162,6.7
26097,MI,Mackinac,5187,4560,627,12.1,5120,4621,499,9.7,5191,4680,511,9.8
26099,MI,Macomb,411719,371286,40433,9.8,422297,397995,24302,5.8,436145,413316,22829,5.2
26101,MI,Manistee,10494,9359,1135,10.8,10402,9708,694,6.7,10536,9848,688,6.5
26103,MI,Marquette,33986,31240,2746,8.1,33367,31359,2008,6,33331,31434,1897,5.7
26105,MI,Mason,14338,12952,1386,9.7,14407,13524,883,6.1,14280,13451,829,5.8
26107,MI,Mecosta,18822,16916,1906,10.1,19132,17951,1181,6.2,19110,18039,1071,5.6
26109,MI,Menominee,11755,10809,946,8,11522,10899,623,5.4,11253,10674,579,5.1
26111,MI,Midland,40668,37507,3161,7.8,41412,39388,2024,4.9,41039,39110,1929,4.7
26113,MI,Missaukee,6910,6242,668,9.7,6985,6526,459,6.6,7027,6610,417,5.9
26115,MI,Monroe,73606,67904,5702,7.7,76188,72708,3480,4.6,76438,73147,3291,4.3
26117,MI,Montcalm,27253,24473,2780,10.2,27672,26082,1590,5.7,27926,26454,1472,5.3
26119,MI,Montmorency,3234,2709,525,16.2,3064,2758,306,10,3060,2750,310,10.1
26121,MI,Muskegon,75633,68034,7599,10,77270,72756,4514,5.8,77463,73253,4210,5.4
26123,MI,Newaygo,22013,19993,2020,9.2,23068,21803,1265,5.5,23332,22199,1133,4.9
26125,MI,Oakland,616205,565454,50751,8.2,634053,604103,29950,4.7,653406,626153,27253,4.2
26127,MI,Oceana,12824,11202,1622,12.6,12482,11481,1001,8,12326,11425,901,7.3
26129,MI,Ogemaw,8623,7639,984,11.4,8403,7740,663,7.9,8238,7598,640,7.8
26131,MI,Ontonagon,2578,2233,345,13.4,2293,2077,216,9.4,2203,2015,188,8.5
26133,MI,Osceola,9968,8975,993,10,10156,9493,663,6.5,10436,9842,594,5.7
26135,MI,Oscoda,2985,2518,467,15.6,2909,2656,253,8.7,2907,2695,212,7.3
26137,MI,Otsego,11187,9989,1198,10.7,11401,10700,701,6.1,11690,10997,693,5.9
26139,MI,Ottawa,141570,132241,9329,6.6,152334,146781,5553,3.6,155450,150226,5224,3.4
26141,MI,Presque Isle,5536,4734,802,14.5,5355,4808,547,10.2,5288,4784,504,9.5
26143,MI,Roscommon,8101,7012,1089,13.4,7804,7097,707,9.1,7871,7206,665,8.4
26145,MI,Saginaw,88770,80580,8190,9.2,88365,83314,5051,5.7,88627,83913,4714,5.3
26147,MI,St. Clair,73736,65066,8670,11.8,72961,67987,4974,6.8,74741,70164,4577,6.1
26149,MI,St. Joseph,27438,24989,2449,8.9,29031,27717,1314,4.5,29134,27935,1199,4.1
26151,MI,Sanilac,19300,17274,2026,10.5,19496,18223,1273,6.5,19418,18214,1204,6.2
26153,MI,Schoolcraft,3534,3090,444,12.6,3457,3081,376,10.9,3389,3081,308,9.1
26155,MI,Shiawassee,33156,29986,3170,9.6,33064,31189,1875,5.7,33499,31740,1759,5.3
26157,MI,Tuscola,24683,22078,2605,10.6,24514,22866,1648,6.7,24228,22712,1516,6.3
26159,MI,Van Buren,35208,31496,3712,10.5,35218,33001,2217,6.3,35477,33443,2034,5.7
26161,MI,Washtenaw,181611,170803,10808,6,188340,181321,7019,3.7,191582,184589,6993,3.7
26163,MI,Wayne,771845,681453,90392,11.7,760432,707828,52604,6.9,780340,731188,49152,6.3
26165,MI,Wexford,14469,12876,1593,11,14569,13583,986,6.8,14703,13843,860,5.8
27001,MN,Aitkin,6904,6345,559,8.1,6871,6422,449,6.5,7047,6553,494,7
27003,MN,Anoka,187260,176226,11034,5.9,189817,182979,6838,3.6,192442,185277,7165,3.7
27005,MN,Becker,17873,16836,1037,5.8,18395,17593,802,4.4,18610,17760,850,4.6
27007,MN,Beltrami,22840,21245,1595,7,23498,22349,1149,4.9,23742,22504,1238,5.2
27009,MN,Benton,21197,19844,1353,6.4,21584,20629,955,4.4,21838,20875,963,4.4
27011,MN,Big Stone,2830,2682,148,5.2,2682,2563,119,4.4,2711,2581,130,4.8
27013,MN,Blue Earth,38316,36479,1837,4.8,39374,38217,1157,2.9,39730,38456,1274,3.2
27015,MN,Brown,14817,13982,835,5.6,14617,14021,596,4.1,14561,13951,610,4.2
27017,MN,Carlton,17472,16272,1200,6.9,17567,16706,861,4.9,17790,16849,941,5.3
27019,MN,Carver,52427,49897,2530,4.8,55168,53426,1742,3.2,56485,54623,1862,3.3
27021,MN,Cass,13852,12623,1229,8.9,14026,13092,934,6.7,14195,13229,966,6.8
27023,MN,Chippewa,7058,6685,373,5.3,6943,6640,303,4.4,6985,6671,314,4.5
27025,MN,Chisago,28561,26684,1877,6.6,28728,27534,1194,4.2,29227,27965,1262,4.3
27027,MN,Clay,35023,33334,1689,4.8,35539,34440,1099,3.1,35713,34487,1226,3.4
27029,MN,Clearwater,4409,3944,465,10.5,4626,4207,419,9.1,4728,4275,453,9.6
27031,MN,Cook,3048,2858,190,6.2,3153,3015,138,4.4,3102,2962,140,4.5
27033,MN,Cottonwood,5947,5561,386,6.5,5786,5512,274,4.7,5548,5151,397,7.2
27035,MN,Crow Wing,30912,28538,2374,7.7,31490,29873,1617,5.1,31924,30302,1622,5.1
27037,MN,Dakota,228036,216129,11907,5.2,232239,224602,7637,3.3,235749,227759,7990,3.4
27039,MN,Dodge,11339,10768,571,5,11451,11026,425,3.7,11589,11159,430,3.7
27041,MN,Douglas,19810,18812,998,5,20134,19448,686,3.4,20287,19581,706,3.5
27043,MN,Faribault,7771,7318,453,5.8,7501,7174,327,4.4,7341,7019,322,4.4
27045,MN,Fillmore,11274,10650,624,5.5,11403,10939,464,4.1,11530,11066,464,4
27047,MN,Freeborn,16675,15707,968,5.8,16341,15727,614,3.8,16331,15708,623,3.8
27049,MN,Goodhue,26709,25333,1376,5.2,26874,25933,941,3.5,26922,25922,1000,3.7
27051,MN,Grant,3337,3133,204,6.1,3346,3189,157,4.7,3296,3142,154,4.7
27053,MN,Hennepin,659812,625310,34502,5.2,676722,654583,22139,3.3,687472,664578,22894,3.3
27055,MN,Houston,10571,9957,614,5.8,10482,10084,398,3.8,10629,10214,415,3.9
27057,MN,Hubbard,9540,8773,767,8,9552,8969,583,6.1,9821,9185,636,6.5
27059,MN,Isanti,20351,18929,1422,7,20194,19328,866,4.3,20731,19765,966,4.7
27061,MN,Itasca,22248,20502,1746,7.8,22291,20852,1439,6.5,22086,20201,1885,8.5
27063,MN,Jackson,6206,5924,282,4.5,6287,6034,253,4,6115,5839,276,4.5
27065,MN,Kanabec,8732,7947,785,9,8833,8253,580,6.6,9016,8431,585,6.5
27067,MN,Kandiyohi,23494,22267,1227,5.2,24058,23162,896,3.7,24256,23336,920,3.8
27069,MN,Kittson,2563,2414,149,5.8,2472,2358,114,4.6,2411,2301,110,4.6
27071,MN,Koochiching,6702,6167,535,8,6252,5746,506,8.1,6180,5656,524,8.5
27073,MN,Lac qui Parle,3856,3662,194,5,3763,3609,154,4.1,3629,3474,155,4.3
27075,MN,Lake,5828,5478,350,6,5609,5341,268,4.8,5432,5087,345,6.4
27077,MN,Lake of the Woods,2347,2204,143,6.1,2421,2314,107,4.4,2389,2274,115,4.8
27079,MN,Le Sueur,15488,14482,1006,6.5,15533,14787,746,4.8,15602,14841,761,4.9
27081,MN,Lincoln,3422,3260,162,4.7,3391,3273,118,3.5,3393,3269,124,3.7
27083,MN,Lyon,15230,14558,672,4.4,15283,14793,490,3.2,15229,14688,541,3.6
27085,MN,McLeod,19931,18580,1351,6.8,20200,19408,792,3.9,19831,18957,874,4.4
27087,MN,Mahnomen,2478,2306,172,6.9,2405,2266,139,5.8,2395,2257,138,5.8
27089,MN,Marshall,5746,5306,440,7.7,5742,5347,395,6.9,5632,5221,411,7.3
27091,MN,Martin,10873,10263,610,5.6,10444,10022,422,4,10491,10060,431,4.1
27093,MN,Meeker,12736,11897,839,6.6,13338,12780,558,4.2,13298,12702,596,4.5
27095,MN,Mille Lacs,12693,11634,1059,8.3,12610,11882,728,5.8,12758,11999,759,5.9
27097,MN,Morrison,17936,16670,1266,7.1,17793,16835,958,5.4,17914,16911,1003,5.6
27099,MN,Mower,20661,19630,1031,5,20358,19707,651,3.2,20576,19926,650,3.2
27101,MN,Murray,4995,4735,260,5.2,5062,4838,224,4.4,4970,4735,235,4.7
27103,MN,Nicollet,19739,18839,900,4.6,20303,19770,533,2.6,20413,19835,578,2.8
27105,MN,Nobles,11289,10799,490,4.3,11524,11156,368,3.2,11488,11055,433,3.8
27107,MN,Norman,3522,3314,208,5.9,3441,3281,160,4.6,3452,3287,165,4.8
27109,MN,Olmsted,82541,78892,3649,4.4,83886,81446,2440,2.9,85455,82912,2543,3
27111,MN,Otter Tail,30777,29067,1710,5.6,31112,29809,1303,4.2,31381,30017,1364,4.3
27113,MN,Pennington,8589,8022,567,6.6,9076,8612,464,5.1,9068,8547,521,5.7
27115,MN,Pine,14881,13761,1120,7.5,14781,13961,820,5.5,14878,14011,867,5.8
27117,MN,Pipestone,4906,4662,244,5,4976,4810,166,3.3,4915,4728,187,3.8
27119,MN,Polk,17506,16418,1088,6.2,17162,16440,722,4.2,17194,16448,746,4.3
27121,MN,Pope,5944,5667,277,4.7,6388,6166,222,3.5,6320,6096,224,3.5
27123,MN,Ramsey,272944,257259,15685,5.7,279536,269716,9820,3.5,283182,272995,10187,3.6
27125,MN,Red Lake,2340,2171,169,7.2,2329,2192,137,5.9,2296,2128,168,7.3
27127,MN,Redwood,8205,7752,453,5.5,8267,7945,322,3.9,8343,8001,342,4.1
27129,MN,Renville,8426,7855,571,6.8,8590,8179,411,4.8,8439,7996,443,5.2
27131,MN,Rice,34862,32836,2026,5.8,35417,34168,1249,3.5,36206,34938,1268,3.5
27133,MN,Rock,5546,5344,202,3.6,5908,5783,125,2.1,5927,5790,137,2.3
27135,MN,Roseau,8537,8134,403,4.7,8600,8260,340,4,8272,7849,423,5.1
27137,MN,St. Louis,101564,94964,6600,6.5,101908,96866,5042,4.9,102893,97020,5873,5.7
27139,MN,Scott,75799,72024,3775,5,79144,76678,2466,3.1,80937,78337,2600,3.2
27141,MN,Sherburne,48620,45611,3009,6.2,49462,47487,1975,4,50837,48770,2067,4.1
27143,MN,Sibley,8418,7915,503,6,8509,8157,352,4.1,8517,8153,364,4.3
27145,MN,Stearns,86268,81613,4655,5.4,88119,84946,3173,3.6,89193,85836,3357,3.8
27147,MN,Steele,21570,20400,1170,5.4,21199,20494,705,3.3,21250,20493,757,3.6
27149,MN,Stevens,5606,5369,237,4.2,5709,5549,160,2.8,5667,5497,170,3
27151,MN,Swift,5084,4771,313,6.2,5170,4860,310,6,5060,4789,271,5.4
27153,MN,Todd,13033,12277,756,5.8,13006,12438,568,4.4,12943,12334,609,4.7
27155,MN,Traverse,1775,1686,89,5,1835,1759,76,4.1,1712,1645,67,3.9
27157,MN,Wabasha,11959,11340,619,5.2,11991,11539,452,3.8,12048,11604,444,3.7
27159,MN,Wadena,6229,5743,486,7.8,6327,5954,373,5.9,6266,5895,371,5.9
27161,MN,Waseca,10213,9625,588,5.8,9750,9348,402,4.1,9494,9087,407,4.3
27163,MN,Washington,133686,126811,6875,5.1,137133,132814,4319,3.1,139211,134566,4645,3.3
27165,MN,Watonwan,6285,5932,353,5.6,6250,5959,291,4.7,6596,6275,321,4.9
27167,MN,Wilkin,3781,3603,178,4.7,3690,3568,122,3.3,3730,3609,121,3.2
27169,MN,Winona,29823,28363,1460,4.9,29467,28494,973,3.3,29347,28309,1038,3.5
27171,MN,Wright,70288,66174,4114,5.9,71969,69334,2635,3.7,73309,70485,2824,3.9
27173,MN,Yellow Medicine,5679,5394,285,5,5575,5371,204,3.7,5493,5283,210,3.8
28001,MS,Adams,12366,11141,1225,9.9,11423,10516,907,7.9,11266,10338,928,8.2
28003,MS,Alcorn,16001,14608,1393,8.7,15739,14855,884,5.6,15843,15022,821,5.2
28005,MS,Amite,4762,4284,478,10,4519,4178,341,7.5,4514,4184,330,7.3
28007,MS,Attala,7585,6841,744,9.8,6991,6461,530,7.6,7024,6555,469,6.7
28009,MS,Benton,3290,2941,349,10.6,2988,2750,238,8,3053,2848,205,6.7
28011,MS,Bolivar,14400,12871,1529,10.6,13402,12353,1049,7.8,13420,12452,968,7.2
28013,MS,Calhoun,6746,6185,561,8.3,6145,5767,378,6.2,6194,5863,331,5.3
28015,MS,Carroll,3676,3271,405,11,3464,3181,283,8.2,3569,3310,259,7.3
28017,MS,Chickasaw,7992,7174,818,10.2,7158,6610,548,7.7,7103,6637,466,6.6
28019,MS,Choctaw,3724,3386,338,9.1,3714,3483,231,6.2,3732,3522,210,5.6
28021,MS,Claiborne,3530,2986,544,15.4,3122,2731,391,12.5,3096,2745,351,11.3
28023,MS,Clarke,6729,6005,724,10.8,6083,5607,476,7.8,6085,5674,411,6.8
28025,MS,Clay,8587,7379,1208,14.1,8026,7260,766,9.5,8030,7380,650,8.1
28027,MS,Coahoma,10217,8931,1286,12.6,9461,8511,950,10,9230,8430,800,8.7
28029,MS,Copiah,11873,10562,1311,11,11271,10460,811,7.2,11295,10560,735,6.5
28031,MS,Covington,8359,7651,708,8.5,7975,7510,465,5.8,8167,7724,443,5.4
28033,MS,DeSoto,83109,77739,5370,6.5,84658,80609,4049,4.8,87410,83736,3674,4.2
28035,MS,Forrest,34419,31315,3104,9,32878,30817,2061,6.3,33432,31522,1910,5.7
28037,MS,Franklin,3071,2771,300,9.8,2941,2716,225,7.7,2857,2653,204,7.1
28039,MS,George,8823,7919,904,10.2,8866,8203,663,7.5,8825,8174,651,7.4
28041,MS,Greene,4568,4055,513,11.2,4334,4009,325,7.5,4292,3980,312,7.3
28043,MS,Grenada,9612,8726,886,9.2,9491,8928,563,5.9,9622,9131,491,5.1
28045,MS,Hancock,19597,17941,1656,8.5,18695,17488,1207,6.5,18899,17752,1147,6.1
28047,MS,Harrison,88960,81688,7272,8.2,85745,80670,5075,5.9,86859,82078,4781,5.5
28049,MS,Hinds,115704,105543,10161,8.8,109335,102770,6565,6,110150,104176,5974,5.4
28051,MS,Holmes,6618,5524,1094,16.5,6122,5388,734,12,5985,5329,656,11
28053,MS,Humphreys,3171,2567,604,19,2469,2158,311,12.6,2377,2107,270,11.4
28055,MS,Issaquena,471,388,83,17.6,420,348,72,17.1,401,345,56,14
28057,MS,Itawamba,10415,9540,875,8.4,10221,9638,583,5.7,10417,9891,526,5
28059,MS,Jackson,63232,57255,5977,9.5,59038,54896,4142,7,59189,55308,3881,6.6
28061,MS,Jasper,6893,6193,700,10.2,6371,5874,497,7.8,6201,5727,474,7.6
28063,MS,Jefferson,2517,2080,437,17.4,2280,1941,339,14.9,2229,1898,331,14.8
28065,MS,Jefferson Davis,4459,3883,576,12.9,4133,3774,359,8.7,4187,3843,344,8.2
28067,MS,Jones,28735,26560,2175,7.6,26580,24992,1588,6,25830,24255,1575,6.1
28069,MS,Kemper,3971,3450,521,13.1,3580,3211,369,10.3,3558,3249,309,8.7
28071,MS,Lafayette,23351,21550,1801,7.7,24472,23140,1332,5.4,26028,24763,1265,4.9
28073,MS,Lamar,28145,26328,1817,6.5,28934,27546,1388,4.8,29650,28308,1342,4.5
28075,MS,Lauderdale,34574,31447,3127,9,31693,29623,2070,6.5,31827,29963,1864,5.9
28077,MS,Lawrence,4941,4433,508,10.3,4750,4409,341,7.2,4682,4350,332,7.1
28079,MS,Leake,8405,7629,776,9.2,7900,7415,485,6.1,7765,7296,469,6
28081,MS,Lee,41050,37628,3422,8.3,39902,37695,2207,5.5,40869,38887,1982,4.8
28083,MS,Leflore,11210,9637,1573,14,10500,9374,1126,10.7,10350,9413,937,9.1
28085,MS,Lincoln,14412,13168,1244,8.6,14241,13380,861,6,14444,13625,819,5.7
28087,MS,Lowndes,27522,25005,2517,9.1,25148,23388,1760,7,25555,23992,1563,6.1
28089,MS,Madison,50411,47262,3149,6.2,51703,49346,2357,4.6,53442,51148,2294,4.3
28091,MS,Marion,10334,9276,1058,10.2,10019,9290,729,7.3,10279,9608,671,6.5
28093,MS,Marshall,15396,13725,1671,10.9,14459,13420,1039,7.2,14577,13701,876,6
28095,MS,Monroe,16142,14356,1786,11.1,15500,14361,1139,7.3,15659,14676,983,6.3
28097,MS,Montgomery,4544,4014,530,11.7,4203,3879,324,7.7,4243,3973,270,6.4
28099,MS,Neshoba,11654,10680,974,8.4,10635,9985,650,6.1,10716,10102,614,5.7
28101,MS,Newton,9262,8524,738,8,8728,8195,533,6.1,8653,8145,508,5.9
28103,MS,Noxubee,4211,3659,552,13.1,3957,3571,386,9.8,3970,3643,327,8.2
28105,MS,Oktibbeha,22784,20874,1910,8.4,22520,21146,1374,6.1,23087,21838,1249,5.4
28107,MS,Panola,14307,12570,1737,12.1,13453,12287,1166,8.7,13202,12234,968,7.3
28109,MS,Pearl River,23776,21819,1957,8.2,22893,21487,1406,6.1,23252,21868,1384,6
28111,MS,Perry,4436,3927,509,11.5,4320,3977,343,7.9,4363,4053,310,7.1
28113,MS,Pike,15271,13663,1608,10.5,14711,13640,1071,7.3,14692,13698,994,6.8
28115,MS,Pontotoc,14081,12980,1101,7.8,13891,13119,772,5.6,14456,13775,681,4.7
28117,MS,Prentiss,11423,10438,985,8.6,11007,10342,665,6,11079,10475,604,5.5
28119,MS,Quitman,2971,2557,414,13.9,2690,2401,289,10.7,2621,2366,255,9.7
28121,MS,Rankin,72785,68604,4181,5.7,73096,70072,3024,4.1,75055,72093,2962,3.9
28123,MS,Scott,13093,12096,997,7.6,12998,12375,623,4.8,13281,12673,608,4.6
28125,MS,Sharkey,1938,1675,263,13.6,1729,1563,166,9.6,1716,1566,150,8.7
28127,MS,Simpson,11285,10355,930,8.2,10909,10270,639,5.9,10946,10354,592,5.4
28129,MS,Smith,7096,6580,516,7.3,6761,6400,361,5.3,6747,6393,354,5.2
28131,MS,Stone,6694,6004,690,10.3,6416,5942,474,7.4,6502,6066,436,6.7
28133,MS,Sunflower,9485,8123,1362,14.4,8482,7595,887,10.5,8351,7577,774,9.3
28135,MS,Tallahatchie,5775,5124,651,11.3,5816,5378,438,7.5,5743,5355,388,6.8
28137,MS,Tate,12430,11281,1149,9.2,12008,11163,845,7,12099,11393,706,5.8
28139,MS,Tippah,9038,8127,911,10.1,9449,8850,599,6.3,9410,8889,521,5.5
28141,MS,Tishomingo,7890,7076,814,10.3,8020,7512,508,6.3,8267,7815,452,5.5
28143,MS,Tunica,4902,4297,605,12.3,4660,4229,431,9.2,4616,4288,328,7.1
28145,MS,Union,13548,12460,1088,8,13227,12555,672,5.1,13679,13076,603,4.4
28147,MS,Walthall,5574,4948,626,11.2,5154,4739,415,8.1,5042,4655,387,7.7
28149,MS,Warren,23257,21161,2096,9,20905,19520,1385,6.6,20836,19522,1314,6.3
28151,MS,Washington,20027,17118,2909,14.5,18059,16210,1849,10.2,17783,16188,1595,9
28153,MS,Wayne,8443,7504,939,11.1,7628,7027,601,7.9,7545,6995,550,7.3
28155,MS,Webster,4233,3846,387,9.1,3944,3662,282,7.2,3910,3667,243,6.2
28157,MS,Wilkinson,3263,2862,401,12.3,2885,2581,304,10.5,2839,2551,288,10.1
28159,MS,Winston,7724,6837,887,11.5,7091,6508,583,8.2,7115,6612,503,7.1
28161,MS,Yalobusha,5433,4885,548,10.1,4933,4581,352,7.1,4894,4588,306,6.3
28163,MS,Yazoo,9844,8739,1105,11.2,9216,8465,751,8.1,9259,8578,681,7.4
29001,MO,Adair,10749,9994,755,7,10439,9850,589,5.6,10387,9796,591,5.7
29003,MO,Andrew,9908,9378,530,5.3,9918,9505,413,4.2,10046,9671,375,3.7
29005,MO,Atchison,2879,2696,183,6.4,2830,2704,126,4.5,2845,2715,130,4.6
29007,MO,Audrain,11355,10616,739,6.5,11307,10783,524,4.6,11151,10674,477,4.3
29009,MO,Barry,15129,14059,1070,7.1,14907,14160,747,5,15214,14529,685,4.5
29011,MO,Barton,5544,5133,411,7.4,5325,5036,289,5.4,5327,5048,279,5.2
29013,MO,Bates,8185,7511,674,8.2,8148,7652,496,6.1,8168,7730,438,5.4
29015,MO,Benton,7146,6499,647,9.1,7189,6720,469,6.5,7267,6826,441,6.1
29017,MO,Bollinger,5724,5322,402,7,5552,5241,311,5.6,5468,5181,287,5.2
29019,MO,Boone,96446,92078,4368,4.5,98825,95347,3478,3.5,98295,95049,3246,3.3
29021,MO,Buchanan,46745,43810,2935,6.3,46475,44338,2137,4.6,46761,44845,1916,4.1
29023,MO,Butler,18688,17157,1531,8.2,18969,17792,1177,6.2,18823,17743,1080,5.7
29025,MO,Caldwell,4401,4093,308,7,4393,4193,200,4.6,4480,4269,211,4.7
29027,MO,Callaway,21834,20482,1352,6.2,21665,20643,1022,4.7,21855,20956,899,4.1
29029,MO,Camden,18967,17154,1813,9.6,18744,17515,1229,6.6,18747,17659,1088,5.8
29031,MO,Cape Girardeau,40815,38558,2257,5.5,40849,39086,1763,4.3,40818,39043,1775,4.3
29033,MO,Carroll,4598,4215,383,8.3,4815,4524,291,6,4775,4518,257,5.4
29035,MO,Carter,2547,2306,241,9.5,2508,2322,186,7.4,2546,2365,181,7.1
29037,MO,Cass,52827,49305,3522,6.7,53863,51270,2593,4.8,54589,52318,2271,4.2
29039,MO,Cedar,5799,5368,431,7.4,5889,5578,311,5.3,5804,5514,290,5
29041,MO,Chariton,4033,3769,264,6.5,3851,3670,181,4.7,3861,3693,168,4.4
29043,MO,Christian,40817,38442,2375,5.8,43036,41215,1821,4.2,43419,41711,1708,3.9
29045,MO,Clark,3346,3076,270,8.1,3432,3187,245,7.1,3376,3127,249,7.4
29047,MO,Clay,126525,118815,7710,6.1,132142,126130,6012,4.5,134195,128947,5248,3.9
29049,MO,Clinton,10855,10094,761,7,10987,10453,534,4.9,11027,10560,467,4.2
29051,MO,Cole,39901,37846,2055,5.2,39364,37788,1576,4,39481,38071,1410,3.6
29053,MO,Cooper,7814,7255,559,7.2,7610,7170,440,5.8,7492,7123,369,4.9
29055,MO,Crawford,10740,9794,946,8.8,10904,10246,658,6,10844,10263,581,5.4
29057,MO,Dade,3368,3116,252,7.5,3568,3387,181,5.1,3591,3431,160,4.5
29059,MO,Dallas,7110,6463,647,9.1,6976,6541,435,6.2,6966,6583,383,5.5
29061,MO,Daviess,4068,3786,282,6.9,4085,3898,187,4.6,4122,3962,160,3.9
29063,MO,DeKalb,5055,4755,300,5.9,5047,4812,235,4.7,5091,4868,223,4.4
29065,MO,Dent,6010,5519,491,8.2,6297,5930,367,5.8,6212,5876,336,5.4
29067,MO,Douglas,5151,4645,506,9.8,5037,4695,342,6.8,5090,4779,311,6.1
29069,MO,Dunklin,12199,10931,1268,10.4,13118,12062,1056,8.1,12856,11795,1061,8.3
29071,MO,Franklin,52013,47919,4094,7.9,52501,49839,2662,5.1,52747,50440,2307,4.4
29073,MO,Gasconade,7542,7010,532,7.1,7679,7352,327,4.3,7711,7378,333,4.3
29075,MO,Gentry,3593,3402,191,5.3,3613,3461,152,4.2,3593,3459,134,3.7
29077,MO,Greene,144032,135502,8530,5.9,149237,143026,6211,4.2,148797,143137,5660,3.8
29079,MO,Grundy,4948,4629,319,6.4,4909,4706,203,4.1,4910,4685,225,4.6
29081,MO,Harrison,3970,3682,288,7.3,3984,3782,202,5.1,3978,3810,168,4.2
29083,MO,Henry,9849,9084,765,7.8,10105,9555,550,5.4,9906,9410,496,5
29085,MO,Hickory,3622,3188,434,12,3720,3473,247,6.6,3701,3492,209,5.6
29087,MO,Holt,2693,2552,141,5.2,2709,2611,98,3.6,2689,2601,88,3.3
29089,MO,Howard,4844,4516,328,6.8,5043,4796,247,4.9,5038,4814,224,4.4
29091,MO,Howell,16554,15206,1348,8.1,16342,15290,1052,6.4,16140,15114,1026,6.4
29093,MO,Iron,3748,3321,427,11.4,3850,3544,306,7.9,3720,3453,267,7.2
29095,MO,Jackson,355862,328189,27673,7.8,362890,341445,21445,5.9,364728,346001,18727,5.1
29097,MO,Jasper,58257,54818,3439,5.9,58041,55552,2489,4.3,57819,55408,2411,4.2
29099,MO,Jefferson,115282,107002,8280,7.2,117612,111887,5725,4.9,117804,112724,5080,4.3
29101,MO,Johnson,23079,21311,1768,7.7,23100,21856,1244,5.4,23218,22076,1142,4.9
29103,MO,Knox,1970,1859,111,5.6,1963,1886,77,3.9,1986,1914,72,3.6
29105,MO,Laclede,15794,14334,1460,9.2,15928,14916,1012,6.4,16183,15299,884,5.5
29107,MO,Lafayette,17249,16025,1224,7.1,17174,16340,834,4.9,17217,16472,745,4.3
29109,MO,Lawrence,17317,16189,1128,6.5,17874,16997,877,4.9,17813,17032,781,4.4
29111,MO,Lewis,5166,4881,285,5.5,5211,4954,257,4.9,5145,4912,233,4.5
29113,MO,Lincoln,26361,24169,2192,8.3,26943,25551,1392,5.2,27268,26041,1227,4.5
29115,MO,Linn,5179,4700,479,9.2,5240,4872,368,7,5280,4925,355,6.7
29117,MO,Livingston,7228,6780,448,6.2,7301,6990,311,4.3,7360,7072,288,3.9
29119,MO,McDonald,10186,9507,679,6.7,10407,9913,494,4.7,10490,10033,457,4.4
29121,MO,Macon,7509,7004,505,6.7,7468,7069,399,5.3,7625,7260,365,4.8
29123,MO,Madison,5379,4935,444,8.3,5517,5192,325,5.9,5486,5184,302,5.5
29125,MO,Maries,4152,3852,300,7.2,3935,3726,209,5.3,3916,3718,198,5.1
29127,MO,Marion,14494,13611,883,6.1,14744,14088,656,4.4,14594,13968,626,4.3
29129,MO,Mercer,1835,1740,95,5.2,1886,1802,84,4.5,1932,1843,89,4.6
29131,MO,Miller,11373,10346,1027,9,11647,10945,702,6,11900,11283,617,5.2
29133,MO,Mississippi,6154,5667,487,7.9,6280,5916,364,5.8,6224,5810,414,6.7
29135,MO,Moniteau,7325,6841,484,6.6,7396,7033,363,4.9,7483,7157,326,4.4
29137,MO,Monroe,4060,3749,311,7.7,4209,3989,220,5.2,4168,3966,202,4.8
29139,MO,Montgomery,5806,5350,456,7.9,5705,5421,284,5,5757,5493,264,4.6
29141,MO,Morgan,7810,7034,776,9.9,8072,7528,544,6.7,7978,7509,469,5.9
29143,MO,New Madrid,8134,7479,655,8.1,8577,8043,534,6.2,8255,7486,769,9.3
29145,MO,Newton,29400,27590,1810,6.2,28428,27127,1301,4.6,28261,27024,1237,4.4
29147,MO,Nodaway,11730,11077,653,5.6,11010,10468,542,4.9,10868,10359,509,4.7
29149,MO,Oregon,4052,3733,319,7.9,4161,3897,264,6.3,4121,3873,248,6
29151,MO,Osage,7334,6965,369,5,7157,6888,269,3.8,7237,6990,247,3.4
29153,MO,Ozark,3595,3230,365,10.2,3646,3355,291,8,3636,3371,265,7.3
29155,MO,Pemiscot,7109,6425,684,9.6,7041,6403,638,9.1,7043,6416,627,8.9
29157,MO,Perry,10008,9495,513,5.1,10205,9775,430,4.2,10094,9733,361,3.6
29159,MO,Pettis,19995,18584,1411,7.1,20917,19815,1102,5.3,20656,19634,1022,4.9
29161,MO,Phelps,19677,18286,1391,7.1,19559,18518,1041,5.3,19536,18605,931,4.8
29163,MO,Pike,8136,7579,557,6.8,8107,7735,372,4.6,8077,7712,365,4.5
29165,MO,Platte,52486,49603,2883,5.5,55415,53084,2331,4.2,56790,54728,2062,3.6
29167,MO,Polk,14083,12998,1085,7.7,14253,13500,753,5.3,14244,13548,696,4.9
29169,MO,Pulaski,15884,14591,1293,8.1,14883,14013,870,5.8,14499,13710,789,5.4
29171,MO,Putnam,2353,2213,140,5.9,2499,2400,99,4,2457,2345,112,4.6
29173,MO,Ralls,5631,5271,360,6.4,5668,5428,240,4.2,5635,5408,227,4
29175,MO,Randolph,10673,9744,929,8.7,10500,9870,630,6,10509,9956,553,5.3
29177,MO,Ray,11313,10383,930,8.2,11159,10547,612,5.5,11163,10612,551,4.9
29179,MO,Reynolds,2268,2020,248,10.9,2712,2522,190,7,2688,2513,175,6.5
29181,MO,Ripley,5511,4935,576,10.5,5323,4899,424,8,5344,4966,378,7.1
29183,MO,St. Charles,205708,194204,11504,5.6,217500,209123,8377,3.9,221460,213663,7797,3.5
29185,MO,St. Clair,3918,3608,310,7.9,3977,3700,277,7,3923,3676,247,6.3
29186,MO,Ste. Genevieve,9034,8375,659,7.3,9058,8573,485,5.4,9003,8583,420,4.7
29187,MO,St. Francois,26004,23694,2310,8.9,26396,24788,1608,6.1,26280,24828,1452,5.5
29189,MO,St. Louis,527539,493385,34154,6.5,533436,508699,24737,4.6,532450,509958,22492,4.2
29195,MO,Saline,11030,10302,728,6.6,11049,10515,534,4.8,10755,10252,503,4.7
29197,MO,Schuyler,1891,1752,139,7.4,1907,1796,111,5.8,1910,1788,122,6.4
29199,MO,Scotland,2347,2229,118,5,2450,2339,111,4.5,2459,2357,102,4.1
29201,MO,Scott,19858,18474,1384,7,20042,18992,1050,5.2,20003,18855,1148,5.7
29203,MO,Shannon,3062,2725,337,11,3337,3064,273,8.2,3331,3086,245,7.4
29205,MO,Shelby,3126,2938,188,6,3076,2930,146,4.7,3075,2946,129,4.2
29207,MO,Stoddard,13488,12319,1169,8.7,13229,12352,877,6.6,13320,12465,855,6.4
29209,MO,Stone,13690,12164,1526,11.1,13365,12308,1057,7.9,13448,12506,942,7
29211,MO,Sullivan,2780,2590,190,6.8,2778,2612,166,6,2776,2615,161,5.8
29213,MO,Taney,25475,22601,2874,11.3,26158,24043,2115,8.1,26367,24415,1952,7.4
29215,MO,Texas,9649,8859,790,8.2,9402,8776,626,6.7,9337,8751,586,6.3
29217,MO,Vernon,9622,9059,563,5.9,9816,9317,499,5.1,9621,9154,467,4.9
29219,MO,Warren,16945,15678,1267,7.5,17336,16506,830,4.8,17524,16789,735,4.2
29221,MO,Washington,9981,8924,1057,10.6,10519,9812,707,6.7,10357,9699,658,6.4
29223,MO,Wayne,5329,4848,481,9,5715,5379,336,5.9,5668,5364,304,5.4
29225,MO,Webster,15944,14812,1132,7.1,16646,15798,848,5.1,16926,16092,834,4.9
29227,MO,Worth,1246,1194,52,4.2,1218,1178,40,3.3,1213,1177,36,3
29229,MO,Wright,7588,6950,638,8.4,7640,7161,479,6.3,7616,7164,452,5.9
29510,MO,St. Louis city,161177,147450,13727,8.5,159666,149970,9696,6.1,157634,149016,8618,5.5
30001,MT,Beaverhead,4908,4643,265,5.4,4979,4808,171,3.4,5074,4906,168,3.3
30003,MT,Big Horn,5531,4862,669,12.1,5550,5178,372,6.7,5536,5135,401,7.2
30005,MT,Blaine,2486,2327,159,6.4,2396,2276,120,5,2371,2263,108,4.6
30007,MT,Broadwater,2481,2295,186,7.5,2484,2358,126,5.1,2552,2427,125,4.9
30009,MT,Carbon,5331,5081,250,4.7,5425,5225,200,3.7,5421,5208,213,3.9
30011,MT,Carter,685,663,22,3.2,685,663,22,3.2,697,678,19,2.7
30013,MT,Cascade,38376,36245,2131,5.6,38294,36747,1547,4,37812,36313,1499,4
30015,MT,Chouteau,2668,2563,105,3.9,2524,2441,83,3.3,2515,2421,94,3.7
30017,MT,Custer,6538,6304,234,3.6,6388,6177,211,3.3,6242,6022,220,3.5
30019,MT,Daniels,941,911,30,3.2,943,919,24,2.5,936,912,24,2.6
30021,MT,Dawson,4647,4494,153,3.3,4820,4668,152,3.2,4605,4429,176,3.8
30023,MT,Deer Lodge,5189,4901,288,5.6,5235,5027,208,4,5301,5100,201,3.8
30025,MT,Fallon,2033,1991,42,2.1,1970,1924,46,2.3,1813,1747,66,3.6
30027,MT,Fergus,5855,5541,314,5.4,5701,5465,236,4.1,5768,5542,226,3.9
30029,MT,Flathead,43332,39419,3913,9,44813,42251,2562,5.7,45973,43409,2564,5.6
30031,MT,Gallatin,52488,49805,2683,5.1,59442,57655,1787,3,62146,60399,1747,2.8
30033,MT,Garfield,768,744,24,3.1,762,741,21,2.8,764,742,22,2.9
30035,MT,Glacier,6347,5720,627,9.9,5852,5327,525,9,5820,5323,497,8.5
30037,MT,Golden Valley,390,372,18,4.6,380,364,16,4.2,379,362,17,4.5
30039,MT,Granite,1473,1353,120,8.1,1559,1462,97,6.2,1632,1536,96,5.9
30041,MT,Hill,8035,7567,468,5.8,7794,7468,326,4.2,7802,7466,336,4.3
30043,MT,Jefferson,5601,5292,309,5.5,5582,5354,228,4.1,5673,5412,261,4.6
30045,MT,Judith Basin,991,939,52,5.2,994,960,34,3.4,933,901,32,3.4
30047,MT,Lake,12437,11480,957,7.7,12694,12060,634,5,13085,12466,619,4.7
30049,MT,Lewis and Clark,34919,33225,1694,4.9,35001,33822,1179,3.4,35206,34045,1161,3.3
30051,MT,Liberty,1036,993,43,4.2,985,959,26,2.6,989,958,31,3.1
30053,MT,Lincoln,8210,7181,1029,12.5,7807,7019,788,10.1,7931,7218,713,9
30055,MT,McCone,1089,1057,32,2.9,1062,1039,23,2.2,1043,1023,20,1.9
30057,MT,Madison,4113,3856,257,6.2,4286,4131,155,3.6,4415,4249,166,3.8
30059,MT,Meagher,930,879,51,5.5,936,902,34,3.6,916,879,37,4
30061,MT,Mineral,1768,1575,193,10.9,1728,1583,145,8.4,1688,1560,128,7.6
30063,MT,Missoula,59139,55667,3472,5.9,60506,58130,2376,3.9,61420,59118,2302,3.7
30065,MT,Musselshell,2416,2286,130,5.4,2408,2305,103,4.3,2294,2177,117,5.1
30067,MT,Park,8025,7465,560,7,8298,7900,398,4.8,8412,8052,360,4.3
30069,MT,Petroleum,299,286,13,4.3,284,269,15,5.3,277,264,13,4.7
30071,MT,Phillips,2060,1937,123,6,1977,1877,100,5.1,1936,1834,102,5.3
30073,MT,Pondera,2940,2796,144,4.9,2865,2737,128,4.5,2865,2745,120,4.2
30075,MT,Powder River,1077,1037,40,3.7,1056,1029,27,2.6,1068,1043,25,2.3
30077,MT,Powell,3015,2820,195,6.5,2960,2828,132,4.5,2869,2725,144,5
30079,MT,Prairie,529,506,23,4.3,529,507,22,4.2,527,509,18,3.4
30081,MT,Ravalli,18716,17290,1426,7.6,19216,18215,1001,5.2,19580,18641,939,4.8
30083,MT,Richland,6714,6526,188,2.8,6878,6656,222,3.2,6215,5907,308,5
30085,MT,Roosevelt,4821,4503,318,6.6,4691,4445,246,5.2,4688,4439,249,5.3
30087,MT,Rosebud,4454,4152,302,6.8,4174,3951,223,5.3,4109,3884,225,5.5
30089,MT,Sanders,4795,4244,551,11.5,4703,4312,391,8.3,4756,4388,368,7.7
30091,MT,Sheridan,2059,1998,61,3,2075,2023,52,2.5,1961,1897,64,3.3
30093,MT,Silver Bow,17215,16170,1045,6.1,17128,16393,735,4.3,17197,16462,735,4.3
30095,MT,Stillwater,4954,4732,222,4.5,4930,4745,185,3.8,4812,4621,191,4
30097,MT,Sweet Grass,1747,1679,68,3.9,1788,1738,50,2.8,1797,1742,55,3.1
30099,MT,Teton,2940,2797,143,4.9,2889,2778,111,3.8,2830,2728,102,3.6
30101,MT,Toole,2501,2395,106,4.2,2298,2220,78,3.4,2227,2150,77,3.5
30103,MT,Treasure,379,360,19,5,358,340,18,5,353,338,15,4.2
30105,MT,Valley,4024,3857,167,4.2,4390,4252,138,3.1,4406,4257,149,3.4
30107,MT,Wheatland,838,785,53,6.3,788,745,43,5.5,797,757,40,5
30109,MT,Wibaux,561,543,18,3.2,546,528,18,3.3,513,493,20,3.9
30111,MT,Yellowstone,78680,75067,3613,4.6,80763,78086,2677,3.3,81210,78293,2917,3.6
31001,NE,Adams,16887,16242,645,3.8,16605,16086,519,3.1,16640,16120,520,3.1
31003,NE,Antelope,3581,3464,117,3.3,3594,3502,92,2.6,3589,3496,93,2.6
31005,NE,Arthur,230,215,15,6.5,224,214,10,4.5,227,214,13,5.7
31007,NE,Banner,438,418,20,4.6,440,425,15,3.4,416,402,14,3.4
31009,NE,Blaine,284,269,15,5.3,268,256,12,4.5,265,253,12,4.5
31011,NE,Boone,3042,2948,94,3.1,3011,2937,74,2.5,3000,2922,78,2.6
31013,NE,Box Butte,5977,5737,240,4,5659,5489,170,3,5638,5436,202,3.6
31015,NE,Boyd,1147,1102,45,3.9,1088,1060,28,2.6,1098,1065,33,3
31017,NE,Brown,1453,1394,59,4.1,1394,1342,52,3.7,1378,1328,50,3.6
31019,NE,Buffalo,27306,26405,901,3.3,27126,26465,661,2.4,27191,26512,679,2.5
31021,NE,Burt,3678,3504,174,4.7,3608,3477,131,3.6,3543,3413,130,3.7
31023,NE,Butler,4744,4586,158,3.3,4736,4604,132,2.8,4622,4474,148,3.2
31025,NE,Cass,13313,12694,619,4.6,13066,12632,434,3.3,13131,12691,440,3.4
31027,NE,Cedar,4741,4603,138,2.9,4640,4530,110,2.4,4565,4449,116,2.5
31029,NE,Chase,2374,2317,57,2.4,2338,2293,45,1.9,2289,2242,47,2.1
31031,NE,Cherry,3482,3382,100,2.9,3448,3369,79,2.3,3468,3390,78,2.2
31033,NE,Cheyenne,5789,5628,161,2.8,5745,5620,125,2.2,5447,5294,153,2.8
31035,NE,Clay,3486,3356,130,3.7,3373,3275,98,2.9,3319,3216,103,3.1
31037,NE,Colfax,5664,5463,201,3.5,5548,5403,145,2.6,5546,5389,157,2.8
31039,NE,Cuming,4915,4763,152,3.1,4837,4709,128,2.6,4711,4576,135,2.9
31041,NE,Custer,6109,5934,175,2.9,6282,6142,140,2.2,6345,6197,148,2.3
31043,NE,Dakota,11197,10550,647,5.8,10990,10602,388,3.5,10897,10446,451,4.1
31045,NE,Dawes,5415,5218,197,3.6,5248,5112,136,2.6,5209,5056,153,2.9
31047,NE,Dawson,13279,12698,581,4.4,13057,12644,413,3.2,12952,12570,382,2.9
31049,NE,Deuel,1192,1153,39,3.3,1074,1047,27,2.5,1061,1033,28,2.6
31051,NE,Dixon,3141,3011,130,4.1,3081,2979,102,3.3,3065,2964,101,3.3
31053,NE,Dodge,19272,18400,872,4.5,19087,18466,621,3.3,19112,18527,585,3.1
31055,NE,Douglas,285676,272913,12763,4.5,286637,277160,9477,3.3,287729,278212,9517,3.3
31057,NE,Dundy,1282,1244,38,3,1196,1171,25,2.1,1195,1169,26,2.2
31059,NE,Fillmore,3320,3212,108,3.3,3207,3112,95,3,3180,3093,87,2.7
31061,NE,Franklin,1644,1584,60,3.6,1510,1474,36,2.4,1500,1455,45,3
31063,NE,Frontier,1613,1561,52,3.2,1531,1494,37,2.4,1568,1524,44,2.8
31065,NE,Furnas,2688,2593,95,3.5,2727,2655,72,2.6,2712,2637,75,2.8
31067,NE,Gage,11179,10624,555,5,11041,10642,399,3.6,11040,10679,361,3.3
31069,NE,Garden,1262,1221,41,3.2,1196,1167,29,2.4,1186,1147,39,3.3
31071,NE,Garfield,1220,1183,37,3,1193,1164,29,2.4,1155,1126,29,2.5
31073,NE,Gosper,1145,1111,34,3,1074,1048,26,2.4,1055,1028,27,2.6
31075,NE,Grant,439,424,15,3.4,435,425,10,2.3,452,442,10,2.2
31077,NE,Greeley,1299,1252,47,3.6,1248,1209,39,3.1,1233,1195,38,3.1
31079,NE,Hall,32657,31357,1300,4,31580,30337,1243,3.9,31377,30230,1147,3.7
31081,NE,Hamilton,4844,4682,162,3.3,4670,4536,134,2.9,4648,4519,129,2.8
31083,NE,Harlan,1878,1817,61,3.2,1785,1747,38,2.1,1756,1712,44,2.5
31085,NE,Hayes,664,644,20,3,616,602,14,2.3,589,575,14,2.4
31087,NE,Hitchcock,1359,1303,56,4.1,1321,1278,43,3.3,1305,1258,47,3.6
31089,NE,Holt,5972,5781,191,3.2,5865,5725,140,2.4,5854,5710,144,2.5
31091,NE,Hooker,438,418,20,4.6,405,388,17,4.2,391,377,14,3.6
31093,NE,Howard,3423,3299,124,3.6,3308,3187,121,3.7,3296,3188,108,3.3
31095,NE,Jefferson,4321,4158,163,3.8,4272,4156,116,2.7,4217,4116,101,2.4
31097,NE,Johnson,2193,2098,95,4.3,2123,2053,70,3.3,2090,2024,66,3.2
31099,NE,Kearney,3934,3821,113,2.9,3790,3706,84,2.2,3737,3649,88,2.4
31101,NE,Keith,4664,4491,173,3.7,4682,4557,125,2.7,4613,4480,133,2.9
31103,NE,Keya Paha,607,588,19,3.1,660,646,14,2.1,619,606,13,2.1
31105,NE,Kimball,2223,2150,73,3.3,2051,1978,73,3.6,1970,1890,80,4.1
31107,NE,Knox,4791,4630,161,3.4,4716,4565,151,3.2,4715,4571,144,3.1
31109,NE,Lancaster,167607,161556,6051,3.6,167438,163022,4416,2.6,168872,164201,4671,2.8
31111,NE,Lincoln,19276,18517,759,3.9,18529,17993,536,2.9,18692,18119,573,3.1
31113,NE,Logan,506,490,16,3.2,492,478,14,2.8,482,469,13,2.7
31115,NE,Loup,392,377,15,3.8,378,364,14,3.7,395,382,13,3.3
31117,NE,McPherson,361,348,13,3.6,460,451,9,2,463,452,11,2.4
31119,NE,Madison,19209,18500,709,3.7,19199,18674,525,2.7,19140,18615,525,2.7
31121,NE,Merrick,4232,4077,155,3.7,4025,3875,150,3.7,4030,3885,145,3.6
31123,NE,Morrill,2703,2617,86,3.2,2649,2573,76,2.9,2646,2562,84,3.2
31125,NE,Nance,2099,2029,70,3.3,2064,2013,51,2.5,1997,1943,54,2.7
31127,NE,Nemaha,3886,3698,188,4.8,3688,3553,135,3.7,3612,3482,130,3.6
31129,NE,Nuckolls,2477,2391,86,3.5,2380,2319,61,2.6,2364,2296,68,2.9
31131,NE,Otoe,8512,8128,384,4.5,8196,7926,270,3.3,8252,7973,279,3.4
31133,NE,Pawnee,1640,1586,54,3.3,1671,1628,43,2.6,1652,1615,37,2.2
31135,NE,Perkins,1830,1781,49,2.7,1834,1800,34,1.9,1818,1779,39,2.1
31137,NE,Phelps,5049,4897,152,3,4990,4871,119,2.4,4924,4801,123,2.5
31139,NE,Pierce,4197,4057,140,3.3,4165,4059,106,2.5,4142,4033,109,2.6
31141,NE,Platte,18047,17387,660,3.7,17135,16625,510,3,16957,16369,588,3.5
31143,NE,Polk,2993,2901,92,3.1,2908,2834,74,2.5,2879,2803,76,2.6
31145,NE,Red Willow,6357,6150,207,3.3,6100,5939,161,2.6,5970,5802,168,2.8
31147,NE,Richardson,4408,4182,226,5.1,4298,4160,138,3.2,4233,4097,136,3.2
31149,NE,Rock,880,858,22,2.5,858,835,23,2.7,890,867,23,2.6
31151,NE,Saline,7364,7044,320,4.3,7276,7063,213,2.9,7343,7117,226,3.1
31153,NE,Sarpy,88075,84673,3402,3.9,90607,88063,2544,2.8,91966,89296,2670,2.9
31155,NE,Saunders,11191,10717,474,4.2,10922,10587,335,3.1,10863,10531,332,3.1
31157,NE,Scotts Bluff,19236,18334,902,4.7,18652,18022,630,3.4,18825,18169,656,3.5
31159,NE,Seward,8957,8642,315,3.5,8693,8441,252,2.9,8744,8495,249,2.8
31161,NE,Sheridan,2807,2707,100,3.6,2729,2655,74,2.7,2735,2657,78,2.9
31163,NE,Sherman,1751,1685,66,3.8,1708,1658,50,2.9,1714,1660,54,3.2
31165,NE,Sioux,841,811,30,3.6,788,768,20,2.5,783,762,21,2.7
31167,NE,Stanton,3675,3547,128,3.5,3503,3414,89,2.5,3438,3348,90,2.6
31169,NE,Thayer,3008,2916,92,3.1,2966,2896,70,2.4,2901,2830,71,2.4
31171,NE,Thomas,428,411,17,4,435,422,13,3,447,433,14,3.1
31173,NE,Thurston,3146,2872,274,8.7,2968,2811,157,5.3,2975,2833,142,4.8
31175,NE,Valley,2152,2077,75,3.5,2062,2004,58,2.8,2090,2032,58,2.8
31177,NE,Washington,11230,10806,424,3.8,10932,10604,328,3,11096,10742,354,3.2
31179,NE,Wayne,5727,5543,184,3.2,5537,5396,141,2.5,5619,5470,149,2.7
31181,NE,Webster,1747,1683,64,3.7,1724,1663,61,3.5,1710,1657,53,3.1
31183,NE,Wheeler,523,505,18,3.4,562,549,13,2.3,565,553,12,2.1
31185,NE,York,7601,7320,281,3.7,7336,7124,212,2.9,7316,7119,197,2.7
32001,NV,Churchill,11092,9868,1224,11,10567,9841,726,6.9,10703,10125,578,5.4
32003,NV,Clark,999472,886972,112500,11.3,1033990,963285,70705,6.8,1046103,984714,61389,5.9
32005,NV,Douglas,22763,20154,2609,11.5,22393,20888,1505,6.7,22339,21084,1255,5.6
32007,NV,Elko,29205,27355,1850,6.3,26822,25450,1372,5.1,27037,25830,1207,4.5
32009,NV,Esmeralda,476,443,33,6.9,527,504,23,4.4,524,500,24,4.6
32011,NV,Eureka,1104,1037,67,6.1,998,940,58,5.8,991,945,46,4.6
32013,NV,Humboldt,9096,8494,602,6.6,8427,7938,489,5.8,8336,7894,442,5.3
32015,NV,Lander,3434,3181,253,7.4,3266,3050,216,6.6,3162,2966,196,6.2
32017,NV,Lincoln,2098,1878,220,10.5,1962,1844,118,6,2030,1924,106,5.2
32019,NV,Lyon,22495,19170,3325,14.8,21793,19768,2025,9.3,21773,20171,1602,7.4
32021,NV,Mineral,1910,1651,259,13.6,1608,1444,164,10.2,1983,1855,128,6.5
32023,NV,Nye,16635,14227,2408,14.5,16107,14711,1396,8.7,16164,14984,1180,7.3
32027,NV,Pershing,2606,2354,252,9.7,2500,2331,169,6.8,2530,2384,146,5.8
32029,NV,Storey,1917,1662,255,13.3,1865,1727,138,7.4,1901,1781,120,6.3
32031,NV,Washoe,221156,196768,24388,11,224888,210859,14029,6.2,229320,217784,11536,5
32033,NV,White Pine,5014,4627,387,7.7,4800,4546,254,5.3,4565,4356,209,4.6
32510,NV,Carson City,25911,22870,3041,11.7,24760,22976,1784,7.2,24684,23176,1508,6.1
33001,NH,Belknap,32057,30320,1737,5.4,31611,30561,1050,3.3,31380,30489,891,2.8
33003,NH,Carroll,24673,23373,1300,5.3,23806,22982,824,3.5,23667,22968,699,3
33005,NH,Cheshire,42615,40450,2165,5.1,41561,40250,1311,3.2,41393,40259,1134,2.7
33007,NH,Coos,16095,14904,1191,7.4,14823,14179,644,4.3,14639,14088,551,3.8
33009,NH,Grafton,48731,46564,2167,4.4,48672,47341,1331,2.7,48738,47586,1152,2.4
33011,NH,Hillsborough,226905,213782,13123,5.8,229847,221670,8177,3.6,231936,224926,7010,3
33013,NH,Merrimack,81158,77143,4015,4.9,81340,78844,2496,3.1,81909,79817,2092,2.6
33015,NH,Rockingham,174767,164607,10160,5.8,178834,172432,6402,3.6,181666,176168,5498,3
33017,NH,Strafford,70054,66264,3790,5.4,71277,69061,2216,3.1,72400,70554,1846,2.5
33019,NH,Sullivan,24042,22963,1079,4.5,23689,23041,648,2.7,23588,23039,549,2.3
34001,NJ,Atlantic,140718,122847,17871,12.7,126383,114274,12109,9.6,122574,113483,9091,7.4
34003,NJ,Bergen,484699,447462,37237,7.7,479276,456727,22549,4.7,478787,458743,20044,4.2
34005,NJ,Burlington,236082,215621,20461,8.7,230059,217756,12303,5.3,230271,219995,10276,4.5
34007,NJ,Camden,262541,234387,28154,10.7,252576,236249,16327,6.5,252713,238823,13890,5.5
34009,NJ,Cape May,49960,42251,7709,15.4,48038,42694,5344,11.1,46661,42076,4585,9.8
34011,NJ,Cumberland,71417,62044,9373,13.1,67457,61503,5954,8.8,66335,61374,4961,7.5
34013,NJ,Essex,384092,342808,41284,10.7,371065,345364,25701,6.9,367908,345779,22129,6
34015,NJ,Gloucester,152000,136643,15357,10.1,148271,139287,8984,6.1,148968,141431,7537,5.1
34017,NJ,Hudson,360706,328634,32072,8.9,358799,339480,19319,5.4,359152,342335,16817,4.7
34019,NJ,Hunterdon,67533,62907,4626,6.8,64834,62076,2758,4.3,64215,61793,2422,3.8
34021,NJ,Mercer,194177,178129,16048,8.3,196407,186569,9838,5,196995,188408,8587,4.4
34023,NJ,Middlesex,431380,394215,37165,8.6,435612,413173,22439,5.2,436159,416825,19334,4.4
34025,NJ,Monmouth,331413,302512,28901,8.7,326153,309267,16886,5.2,326476,311922,14554,4.5
34027,NJ,Morris,267446,248414,19032,7.1,259239,247878,11361,4.4,257919,247799,10120,3.9
34029,NJ,Ocean,268625,240095,28530,10.6,265397,248986,16411,6.2,267872,253889,13983,5.2
34031,NJ,Passaic,254010,225913,28097,11.1,246433,228970,17463,7.1,243533,228488,15045,6.2
34033,NJ,Salem,32237,28434,3803,11.8,30816,28552,2264,7.3,30010,28092,1918,6.4
34035,NJ,Somerset,175899,162799,13100,7.4,172453,164570,7883,4.6,171907,164924,6983,4.1
34037,NJ,Sussex,81245,73919,7326,9,75821,71679,4142,5.5,74770,71240,3530,4.7
34039,NJ,Union,283098,256325,26773,9.5,277226,260453,16773,6.1,275097,260860,14237,5.2
34041,NJ,Warren,58756,53626,5130,8.7,56691,53654,3037,5.4,56365,53782,2583,4.6
35001,NM,Bernalillo,321012,299201,21811,6.8,323066,304141,18925,5.9,326580,307771,18809,5.8
35003,NM,Catron,1247,1128,119,9.5,1194,1095,99,8.3,1204,1107,97,8.1
35005,NM,Chaves,26971,25219,1752,6.5,27780,26038,1742,6.3,28020,26156,1864,6.7
35006,NM,Cibola,9290,8493,797,8.6,9291,8551,740,8,9296,8540,756,8.1
35007,NM,Colfax,6129,5649,480,7.8,6052,5691,361,6,5825,5478,347,6
35009,NM,Curry,21579,20510,1069,5,21953,20887,1066,4.9,21959,20859,1100,5
35011,NM,De Baca,822,787,35,4.3,854,810,44,5.2,832,793,39,4.7
35013,NM,Dona Ana,93767,86906,6861,7.3,94548,87667,6881,7.3,95562,88772,6790,7.1
35015,NM,Eddy,26831,25576,1255,4.7,29887,28423,1464,4.9,28675,26827,1848,6.4
35017,NM,Grant,13006,12141,865,6.7,12501,11695,806,6.4,12455,11659,796,6.4
35019,NM,Guadalupe,1646,1481,165,10,1638,1523,115,7,1690,1582,108,6.4
35021,NM,Harding,293,274,19,6.5,286,262,24,8.4,277,258,19,6.9
35023,NM,Hidalgo,2338,2166,172,7.4,2141,2009,132,6.2,2201,2080,121,5.5
35025,NM,Lea,28325,26988,1337,4.7,29983,28134,1849,6.2,27718,25184,2534,9.1
35027,NM,Lincoln,8964,8379,585,6.5,8713,8213,500,5.7,8636,8127,509,5.9
35028,NM,Los Alamos,8999,8649,350,3.9,8525,8182,343,4,8792,8423,369,4.2
35029,NM,Luna,11461,9171,2290,20,11062,9155,1907,17.2,10768,9218,1550,14.4
35031,NM,McKinley,24915,22523,2392,9.6,24354,21985,2369,9.7,24367,22106,2261,9.3
35033,NM,Mora,2316,2061,255,11,2274,2055,219,9.6,2236,2043,193,8.6
35035,NM,Otero,25049,23419,1630,6.5,25062,23520,1542,6.2,25462,23934,1528,6
35037,NM,Quay,3389,3115,274,8.1,3278,3046,232,7.1,3208,2992,216,6.7
35039,NM,Rio Arriba,16860,15291,1569,9.3,16632,15304,1328,8,16750,15509,1241,7.4
35041,NM,Roosevelt,8344,7878,466,5.6,8062,7628,434,5.4,8064,7608,456,5.7
35043,NM,Sandoval,60524,55816,4708,7.8,62221,58111,4110,6.6,64067,59884,4183,6.5
35045,NM,San Juan,55309,51384,3925,7.1,55754,51932,3822,6.9,54194,49479,4715,8.7
35047,NM,San Miguel,11103,10115,988,8.9,11114,10266,848,7.6,11083,10238,845,7.6
35049,NM,Santa Fe,73658,69401,4257,5.8,73358,69456,3902,5.3,73464,69614,3850,5.2
35051,NM,Sierra,3973,3583,390,9.8,4038,3673,365,9,4059,3719,340,8.4
35053,NM,Socorro,6819,6343,476,7,6553,6061,492,7.5,6676,6190,486,7.3
35055,NM,Taos,15003,13434,1569,10.5,14948,13586,1362,9.1,14932,13685,1247,8.4
35057,NM,Torrance,5764,5152,612,10.6,5478,4985,493,9,5504,5007,497,9
35059,NM,Union,1872,1790,82,4.4,1898,1815,83,4.4,1893,1818,75,4
35061,NM,Valencia,30216,27595,2621,8.7,29727,27526,2201,7.4,29900,27764,2136,7.1
36001,NY,Albany,160657,149260,11397,7.1,158427,151543,6884,4.3,158283,151867,6416,4.1
36003,NY,Allegany,23691,21697,1994,8.4,20335,19014,1321,6.5,20033,18768,1265,6.3
36005,NY,Bronx,594943,520987,73956,12.4,605820,558695,47125,7.8,608798,565436,43362,7.1
36007,NY,Broome,94012,85835,8177,8.7,86750,81577,5173,6,85773,81119,4654,5.4
36009,NY,Cattaraugus,38308,34733,3575,9.3,35202,32989,2213,6.3,34815,32737,2078,6
36011,NY,Cayuga,39113,35884,3229,8.3,37056,35079,1977,5.3,36657,34804,1853,5.1
36013,NY,Chautauqua,61278,56055,5223,8.5,57578,54110,3468,6,56060,52807,3253,5.8
36015,NY,Chemung,40553,37142,3411,8.4,37455,35259,2196,5.9,36168,34099,2069,5.7
36017,NY,Chenango,24127,22044,2083,8.6,23079,21820,1259,5.5,22808,21653,1155,5.1
36019,NY,Clinton,37998,34424,3574,9.4,35909,33819,2090,5.8,35761,33845,1916,5.4
36021,NY,Columbia,31681,29451,2230,7,31399,30149,1250,4,31430,30272,1158,3.7
36023,NY,Cortland,24476,22365,2111,8.6,23264,21895,1369,5.9,22960,21652,1308,5.7
36025,NY,Delaware,21589,19702,1887,8.7,19491,18323,1168,6,19201,18142,1059,5.5
36027,NY,Dutchess,146383,134988,11395,7.8,143199,136773,6426,4.5,142889,136948,5941,4.2
36029,NY,Erie,461760,423403,38357,8.3,448519,424619,23900,5.3,444647,422760,21887,4.9
36031,NY,Essex,18176,16437,1739,9.6,17305,16264,1041,6,17220,16300,920,5.3
36033,NY,Franklin,21796,19712,2084,9.6,19965,18666,1299,6.5,19770,18649,1121,5.7
36035,NY,Fulton,25392,22595,2797,11,23440,21932,1508,6.4,23196,21870,1326,5.7
36037,NY,Genesee,30885,28443,2442,7.9,30090,28601,1489,4.9,29697,28336,1361,4.6
36039,NY,Greene,21547,19406,2141,9.9,20714,19547,1167,5.6,20540,19503,1037,5
36041,NY,Hamilton,2449,2187,262,10.7,2433,2269,164,6.7,2361,2208,153,6.5
36043,NY,Herkimer,30538,27861,2677,8.8,28408,26638,1770,6.2,28138,26601,1537,5.5
36045,NY,Jefferson,48426,43648,4778,9.9,46507,43444,3063,6.6,45611,42764,2847,6.2
36047,NY,Kings,1190125,1073762,116363,9.8,1214639,1142945,71694,5.9,1217585,1152734,64851,5.3
36049,NY,Lewis,12269,11043,1226,10,11763,10950,813,6.9,11728,10941,787,6.7
36051,NY,Livingston,32147,29625,2522,7.8,31238,29597,1641,5.3,31001,29471,1530,4.9
36053,NY,Madison,34620,31675,2945,8.5,32879,31013,1866,5.7,32663,30944,1719,5.3
36055,NY,Monroe,376288,346636,29652,7.9,365330,346821,18509,5.1,362830,345801,17029,4.7
36057,NY,Montgomery,23451,21011,2440,10.4,22263,20803,1460,6.6,22282,21008,1274,5.7
36059,NY,Nassau,693607,644803,48804,7,697396,667975,29421,4.2,699134,671823,27311,3.9
36061,NY,New York,894987,823126,71861,8,909876,865574,44302,4.9,916777,875013,41764,4.6
36063,NY,Niagara,105750,95894,9856,9.3,101100,94876,6224,6.2,100111,94277,5834,5.8
36065,NY,Oneida,108562,99615,8947,8.2,102089,96645,5444,5.3,101533,96620,4913,4.8
36067,NY,Onondaga,232973,214624,18349,7.9,222409,211451,10958,4.9,220909,210943,9966,4.5
36069,NY,Ontario,56046,51971,4075,7.3,55047,52450,2597,4.7,55001,52630,2371,4.3
36071,NY,Orange,179621,165414,14207,7.9,177909,169624,8285,4.7,178694,170975,7719,4.3
36073,NY,Orleans,18873,17045,1828,9.7,17869,16733,1136,6.4,17728,16715,1013,5.7
36075,NY,Oswego,57942,51585,6357,11,54006,50131,3875,7.2,53235,49800,3435,6.5
36077,NY,Otsego,31460,28988,2472,7.9,28695,27149,1546,5.4,28170,26787,1383,4.9
36079,NY,Putnam,51603,47899,3704,7.2,50597,48441,2156,4.3,50626,48612,2014,4
36081,NY,Queens,1124169,1031021,93148,8.3,1157052,1098924,58128,5,1161534,1108791,52743,4.5
36083,NY,Rensselaer,83602,77126,6476,7.7,81555,77766,3789,4.6,81464,77981,3483,4.3
36085,NY,Richmond,218237,197583,20654,9.5,219485,206664,12821,5.8,221377,209784,11593,5.2
36087,NY,Rockland,150454,139454,11000,7.3,152134,145261,6873,4.5,152331,145961,6370,4.2
36089,NY,St. Lawrence,48589,43627,4962,10.2,43878,40675,3203,7.3,43305,40451,2854,6.6
36091,NY,Saratoga,117525,109520,8005,6.8,116843,111998,4845,4.1,117328,112854,4474,3.8
36093,NY,Schenectady,78052,72058,5994,7.7,75726,72158,3568,4.7,75692,72414,3278,4.3
36095,NY,Schoharie,15455,14034,1421,9.2,14669,13818,851,5.8,14704,13907,797,5.4
36097,NY,Schuyler,9032,8184,848,9.4,8350,7798,552,6.6,8266,7769,497,6
36099,NY,Seneca,16242,14946,1296,8,15719,14910,809,5.1,15469,14733,736,4.8
36101,NY,Steuben,45823,41544,4279,9.3,43695,40946,2749,6.3,43110,40600,2510,5.8
36103,NY,Suffolk,779400,718733,60667,7.8,775941,739430,36511,4.7,773132,739429,33703,4.4
36105,NY,Sullivan,35311,32093,3218,9.1,33701,31883,1818,5.4,33993,32369,1624,4.8
36107,NY,Tioga,25466,23457,2009,7.9,23376,22082,1294,5.5,22987,21808,1179,5.1
36109,NY,Tompkins,55074,51699,3375,6.1,50410,48194,2216,4.4,50303,48211,2092,4.2
36111,NY,Ulster,91045,83508,7537,8.3,88315,84074,4241,4.8,88055,84163,3892,4.4
36113,NY,Warren,33761,30660,3101,9.2,32247,30463,1784,5.5,31951,30270,1681,5.3
36115,NY,Washington,29899,27426,2473,8.3,28645,27208,1437,5,28312,26993,1319,4.7
36117,NY,Wayne,46529,42536,3993,8.6,44275,41920,2355,5.3,43937,41749,2188,5
36119,NY,Westchester,477481,442827,34654,7.3,478305,456605,21700,4.5,477240,456792,20448,4.3
36121,NY,Wyoming,18902,17229,1673,8.9,18372,17338,1034,5.6,18085,17121,964,5.3
36123,NY,Yates,12090,11147,943,7.8,11738,11154,584,5,11703,11186,517,4.4
37001,NC,Alamance,78000,71344,6656,8.5,77316,73182,4134,5.3,78947,75206,3741,4.7
37003,NC,Alexander,17674,15981,1693,9.6,17546,16683,863,4.9,17835,17077,758,4.3
37005,NC,Alleghany,4604,4123,481,10.4,4468,4194,274,6.1,4426,4183,243,5.5
37007,NC,Anson,11057,9850,1207,10.9,10833,10127,706,6.5,10660,10043,617,5.8
37009,NC,Ashe,13186,11810,1376,10.4,12316,11575,741,6,12509,11909,600,4.8
37011,NC,Avery,7743,6920,823,10.6,7534,7087,447,5.9,7576,7195,381,5
37013,NC,Beaufort,21047,18820,2227,10.6,20124,18800,1324,6.6,20308,19152,1156,5.7
37015,NC,Bertie,8668,7679,989,11.4,8607,7985,622,7.2,8437,7879,558,6.6
37017,NC,Bladen,14450,12615,1835,12.7,14746,13573,1173,8,14570,13563,1007,6.9
37019,NC,Brunswick,47348,42027,5321,11.2,48557,45015,3542,7.3,49708,46502,3206,6.4
37021,NC,Buncombe,126437,117278,9159,7.2,130462,124771,5691,4.4,134377,129183,5194,3.9
37023,NC,Burke,40692,36687,4005,9.8,39342,37131,2211,5.6,39859,37920,1939,4.9
37025,NC,Cabarrus,91361,83139,8222,9,97651,92596,5055,5.2,101188,96565,4623,4.6
37027,NC,Caldwell,36895,32613,4282,11.6,35476,33260,2216,6.2,35900,34037,1863,5.2
37029,NC,Camden,4521,4166,355,7.9,4614,4350,264,5.7,4659,4419,240,5.2
37031,NC,Carteret,31502,28685,2817,8.9,31347,29493,1854,5.9,31575,29946,1629,5.2
37033,NC,Caswell,9961,8901,1060,10.6,9628,9021,607,6.3,9691,9164,527,5.4
37035,NC,Catawba,76572,68806,7766,10.1,75183,71041,4142,5.5,76892,73252,3640,4.7
37037,NC,Chatham,31617,29137,2480,7.8,33400,31814,1586,4.7,34527,33063,1464,4.2
37039,NC,Cherokee,11423,10171,1252,11,11124,10407,717,6.4,11146,10513,633,5.7
37041,NC,Chowan,5905,5262,643,10.9,5643,5240,403,7.1,5602,5244,358,6.4
37043,NC,Clay,4168,3736,432,10.4,4045,3797,248,6.1,4052,3830,222,5.5
37045,NC,Cleveland,45749,40700,5049,11,46106,43162,2944,6.4,46817,44257,2560,5.5
37047,NC,Columbus,23183,20341,2842,12.3,22619,20917,1702,7.5,22598,21148,1450,6.4
37049,NC,Craven,41875,37905,3970,9.5,41359,38856,2503,6.1,41761,39575,2186,5.2
37051,NC,Cumberland,132432,118538,13894,10.5,126316,117091,9225,7.3,127349,119201,8148,6.4
37053,NC,Currituck,12460,11395,1065,8.5,12854,12109,745,5.8,13154,12486,668,5.1
37055,NC,Dare,20718,18156,2562,12.4,20308,18794,1514,7.5,20005,18653,1352,6.8
37057,NC,Davidson,79611,71892,7719,9.7,78770,74390,4380,5.6,79522,75688,3834,4.8
37059,NC,Davie,19996,18183,1813,9.1,19856,18857,999,5,20172,19264,908,4.5
37061,NC,Duplin,26421,24011,2410,9.1,26499,24981,1518,5.7,26507,25093,1414,5.3
37063,NC,Durham,148700,137697,11003,7.4,156678,148827,7851,5,162119,154819,7300,4.5
37065,NC,Edgecombe,24358,20871,3487,14.3,22829,20645,2184,9.6,22423,20477,1946,8.7
37067,NC,Forsyth,176410,160794,15616,8.9,179807,169910,9897,5.5,182659,173770,8889,4.9
37069,NC,Franklin,28165,25436,2729,9.7,28727,27027,1700,5.9,29348,27815,1533,5.2
37071,NC,Gaston,100997,90442,10555,10.5,102829,96650,6179,6,105658,100022,5636,5.3
37073,NC,Gates,5357,4946,411,7.7,5146,4864,282,5.5,5191,4925,266,5.1
37075,NC,Graham,3576,2944,632,17.7,3188,2806,382,12,3102,2828,274,8.8
37077,NC,Granville,28301,26036,2265,8,28544,27134,1410,4.9,29284,28018,1266,4.3
37079,NC,Greene,9652,8822,830,8.6,9484,8959,525,5.5,9525,9021,504,5.3
37081,NC,Guilford,254739,230428,24311,9.5,256391,241343,15048,5.9,258494,244964,13530,5.2
37083,NC,Halifax,21942,18972,2970,13.5,20781,18950,1831,8.8,20685,19046,1639,7.9
37085,NC,Harnett,49719,44443,5276,10.6,50270,46900,3370,6.7,51464,48484,2980,5.8
37087,NC,Haywood,27515,25008,2507,9.1,27663,26209,1454,5.3,28487,27192,1295,4.5
37089,NC,Henderson,48589,44949,3640,7.5,50682,48275,2407,4.7,52301,50070,2231,4.3
37091,NC,Hertford,9574,8543,1031,10.8,9225,8574,651,7.1,9316,8704,612,6.6
37093,NC,Hoke,19831,17715,2116,10.7,19838,18265,1573,7.9,19917,18604,1313,6.6
37095,NC,Hyde,2131,1845,286,13.4,2146,1950,196,9.1,2110,1910,200,9.5
37097,NC,Iredell,79259,71394,7865,9.9,82219,77703,4516,5.5,84567,80503,4064,4.8
37099,NC,Jackson,18073,16161,1912,10.6,18472,17348,1124,6.1,18832,17809,1023,5.4
37101,NC,Johnston,83522,76485,7037,8.4,88197,83588,4609,5.2,91595,87307,4288,4.7
37103,NC,Jones,4589,4134,455,9.9,4550,4288,262,5.8,4515,4277,238,5.3
37105,NC,Lee,27094,24014,3080,11.4,26101,24219,1882,7.2,26232,24690,1542,5.9
37107,NC,Lenoir,28489,25696,2793,9.8,27752,25992,1760,6.3,27653,26031,1622,5.9
37109,NC,Lincoln,39941,36103,3838,9.6,40631,38426,2205,5.4,41097,39159,1938,4.7
37111,NC,McDowell,20596,18366,2230,10.8,21268,20100,1168,5.5,21016,20007,1009,4.8
37113,NC,Macon,15483,13840,1643,10.6,15127,14194,933,6.2,15219,14399,820,5.4
37115,NC,Madison,9489,8563,926,9.8,9473,8934,539,5.7,9702,9229,473,4.9
37117,NC,Martin,10431,9179,1252,12,9721,8975,746,7.7,9815,9152,663,6.8
37119,NC,Mecklenburg,527788,481623,46165,8.7,565536,535243,30293,5.4,583509,555857,27652,4.7
37121,NC,Mitchell,6649,5836,813,12.2,6313,5881,432,6.8,6189,5810,379,6.1
37123,NC,Montgomery,11554,10331,1223,10.6,11631,10969,662,5.7,11701,11097,604,5.2
37125,NC,Moore,37474,34181,3293,8.8,38306,36086,2220,5.8,39513,37531,1982,5
37127,NC,Nash,46110,40796,5314,11.5,43883,40689,3194,7.3,43930,41041,2889,6.6
37129,NC,New Hanover,108852,99450,9402,8.6,113437,107365,6072,5.4,116062,110582,5480,4.7
37131,NC,Northampton,8297,7345,952,11.5,7869,7277,592,7.5,7815,7248,567,7.3
37133,NC,Onslow,63599,58505,5094,8,63780,60021,3759,5.9,63722,60212,3510,5.5
37135,NC,Orange,72076,67675,4401,6.1,73404,70008,3396,4.6,74934,71762,3172,4.2
37137,NC,Pamlico,5371,4887,484,9,5338,5020,318,6,5409,5123,286,5.3
37139,NC,Pasquotank,18123,16303,1820,10,17458,16193,1265,7.2,17398,16304,1094,6.3
37141,NC,Pender,24880,22285,2595,10.4,26028,24442,1586,6.1,26854,25432,1422,5.3
37143,NC,Perquimans,5266,4717,549,10.4,5158,4790,368,7.1,5101,4773,328,6.4
37145,NC,Person,18394,16365,2029,11,17891,16677,1214,6.8,18036,17047,989,5.5
37147,NC,Pitt,87721,79725,7996,9.1,87726,82415,5311,6.1,88214,83301,4913,5.6
37149,NC,Polk,8349,7640,709,8.5,8665,8224,441,5.1,8826,8416,410,4.6
37151,NC,Randolph,68475,61672,6803,9.9,66670,62868,3802,5.7,66896,63601,3295,4.9
37153,NC,Richmond,17929,15530,2399,13.4,16933,15594,1339,7.9,16791,15629,1162,6.9
37155,NC,Robeson,52819,45822,6997,13.2,51068,46745,4323,8.5,50555,46543,4012,7.9
37157,NC,Rockingham,43033,38186,4847,11.3,41138,38418,2720,6.6,40856,38547,2309,5.7
37159,NC,Rowan,63310,56426,6884,10.9,63119,59280,3839,6.1,64236,60662,3574,5.6
37161,NC,Rutherford,26780,23245,3535,13.2,25061,23115,1946,7.8,24812,23152,1660,6.7
37163,NC,Sampson,29697,26932,2765,9.3,29556,27807,1749,5.9,29517,27906,1611,5.5
37165,NC,Scotland,12462,10324,2138,17.2,11865,10608,1257,10.6,11637,10574,1063,9.1
37167,NC,Stanly,28752,25893,2859,9.9,28809,27276,1533,5.3,29289,27930,1359,4.6
37169,NC,Stokes,22391,20309,2082,9.3,21813,20630,1183,5.4,21875,20829,1046,4.8
37171,NC,Surry,33651,30410,3241,9.6,33342,31537,1805,5.4,33526,31923,1603,4.8
37173,NC,Swain,6522,5562,960,14.7,6778,6258,520,7.7,7118,6684,434,6.1
37175,NC,Transylvania,13456,12286,1170,8.7,13552,12815,737,5.4,13960,13280,680,4.9
37177,NC,Tyrrell,1583,1367,216,13.6,1548,1401,147,9.5,1530,1401,129,8.4
37179,NC,Union,104230,96045,8185,7.9,112371,106930,5441,4.8,115777,110677,5100,4.4
37181,NC,Vance,18486,15985,2501,13.5,18054,16509,1545,8.6,18005,16717,1288,7.2
37183,NC,Wake,502454,466623,35831,7.1,539721,514309,25412,4.7,556722,532808,23914,4.3
37185,NC,Warren,7578,6635,943,12.4,7215,6618,597,8.3,7143,6621,522,7.3
37187,NC,Washington,4871,4124,747,15.3,4969,4538,431,8.7,4866,4505,361,7.4
37189,NC,Watauga,27059,25062,1997,7.4,27403,26076,1327,4.8,27950,26694,1256,4.5
37191,NC,Wayne,55377,50689,4688,8.5,53753,50496,3257,6.1,53558,50436,3122,5.8
37193,NC,Wilkes,30585,27411,3174,10.4,29639,27958,1681,5.7,30205,28758,1447,4.8
37195,NC,Wilson,38327,33345,4982,13,36766,33276,3490,9.5,36489,33515,2974,8.2
37197,NC,Yadkin,17964,16315,1649,9.2,17498,16621,877,5,17612,16840,772,4.4
37199,NC,Yancey,7975,7123,852,10.7,7418,6981,437,5.9,7479,7093,386,5.2
38001,ND,Adams,1112,1080,32,2.9,1106,1074,32,2.9,1133,1104,29,2.6
38003,ND,Barnes,5753,5556,197,3.4,5631,5450,181,3.2,5623,5444,179,3.2
38005,ND,Benson,2775,2581,194,7,2474,2360,114,4.6,2435,2337,98,4
38007,ND,Billings,474,458,16,3.4,467,453,14,3,438,425,13,3
38009,ND,Bottineau,3409,3293,116,3.4,3234,3093,141,4.4,3230,3080,150,4.6
38011,ND,Bowman,1918,1883,35,1.8,1857,1823,34,1.8,1837,1797,40,2.2
38013,ND,Burke,1375,1348,27,2,1179,1140,39,3.3,1146,1094,52,4.5
38015,ND,Burleigh,46608,45293,1315,2.8,48846,47680,1166,2.4,50638,49334,1304,2.6
38017,ND,Cass,89610,86980,2630,2.9,95153,93015,2138,2.2,100237,98000,2237,2.2
38019,ND,Cavalier,2148,2080,68,3.2,2056,1999,57,2.8,2117,2061,56,2.6
38021,ND,Dickey,2709,2635,74,2.7,2546,2499,47,1.8,2547,2498,49,1.9
38023,ND,Divide,1787,1760,27,1.5,1811,1778,33,1.8,1684,1640,44,2.6
38025,ND,Dunn,3680,3622,58,1.6,4009,3930,79,2,3249,3147,102,3.1
38027,ND,Eddy,1250,1186,64,5.1,1268,1207,61,4.8,1279,1224,55,4.3
38029,ND,Emmons,1648,1559,89,5.4,1548,1471,77,5,1585,1516,69,4.4
38031,ND,Foster,1684,1631,53,3.1,1626,1579,47,2.9,1686,1636,50,3
38033,ND,Golden Valley,981,957,24,2.4,976,954,22,2.3,971,945,26,2.7
38035,ND,Grand Forks,37306,36043,1263,3.4,37423,36509,914,2.4,38826,37912,914,2.4
38037,ND,Grant,1300,1259,41,3.2,1317,1275,42,3.2,1297,1258,39,3
38039,ND,Griggs,1225,1192,33,2.7,1152,1125,27,2.3,1160,1127,33,2.8
38041,ND,Hettinger,1454,1415,39,2.7,1551,1512,39,2.5,1540,1494,46,3
38043,ND,Kidder,1264,1199,65,5.1,1340,1291,49,3.7,1376,1324,52,3.8
38045,ND,LaMoure,2277,2220,57,2.5,2265,2209,56,2.5,2316,2261,55,2.4
38047,ND,Logan,908,880,28,3.1,946,919,27,2.9,959,926,33,3.4
38049,ND,McHenry,3284,3143,141,4.3,3272,3134,138,4.2,3377,3212,165,4.9
38051,ND,McIntosh,1248,1208,40,3.2,1241,1202,39,3.1,1241,1203,38,3.1
38053,ND,McKenzie,6098,6005,93,1.5,9183,8955,228,2.5,7949,7650,299,3.8
38055,ND,McLean,4755,4546,209,4.4,4912,4728,184,3.7,5070,4894,176,3.5
38057,ND,Mercer,4037,3822,215,5.3,4298,4117,181,4.2,4654,4450,204,4.4
38059,ND,Morton,15505,14950,555,3.6,16228,15727,501,3.1,16798,16252,546,3.3
38061,ND,Mountrail,7412,7291,121,1.6,8125,7965,160,2,7133,6921,212,3
38063,ND,Nelson,1547,1483,64,4.1,1514,1457,57,3.8,1534,1482,52,3.4
38065,ND,Oliver,891,831,60,6.7,881,829,52,5.9,898,849,49,5.5
38067,ND,Pembina,3709,3471,238,6.4,3601,3408,193,5.4,3660,3477,183,5
38069,ND,Pierce,1875,1794,81,4.3,1834,1757,77,4.2,1899,1824,75,3.9
38071,ND,Ramsey,5827,5586,241,4.1,5675,5483,192,3.4,6148,5973,175,2.8
38073,ND,Ransom,2799,2715,84,3,2769,2701,68,2.5,2840,2776,64,2.3
38075,ND,Renville,1445,1412,33,2.3,1335,1290,45,3.4,1309,1258,51,3.9
38077,ND,Richland,8565,8253,312,3.6,8579,8345,234,2.7,8905,8662,243,2.7
38079,ND,Rolette,5022,4493,529,10.5,4877,4373,504,10.3,4986,4448,538,10.8
38081,ND,Sargent,2147,2090,57,2.7,2251,2210,41,1.8,2333,2288,45,1.9
38083,ND,Sheridan,737,710,27,3.7,724,688,36,5,737,695,42,5.7
38085,ND,Sioux,1307,1239,68,5.2,1291,1234,57,4.4,1339,1280,59,4.4
38087,ND,Slope,529,518,11,2.1,464,452,12,2.6,436,425,11,2.5
38089,ND,Stark,18262,17929,333,1.8,20241,19693,548,2.7,18090,17384,706,3.9
38091,ND,Steele,1049,1021,28,2.7,1060,1036,24,2.3,1075,1052,23,2.1
38093,ND,Stutsman,10425,10067,358,3.4,10683,10408,275,2.6,11082,10809,273,2.5
38095,ND,Towner,1260,1218,42,3.3,1239,1205,34,2.7,1332,1303,29,2.2
38097,ND,Traill,4532,4389,143,3.2,4440,4314,126,2.8,4600,4472,128,2.8
38099,ND,Walsh,5666,5389,277,4.9,5565,5332,233,4.2,5663,5449,214,3.8
38101,ND,Ward,33955,33055,900,2.7,34204,33112,1092,3.2,33545,32166,1379,4.1
38103,ND,Wells,2228,2139,89,4,2166,2080,86,4,2192,2107,85,3.9
38105,ND,Williams,27098,26795,303,1.1,28638,27957,681,2.4,22636,21652,984,4.3
39001,OH,Adams,10770,9416,1354,12.6,10676,9836,840,7.9,10942,10119,823,7.5
39003,OH,Allen,49937,46089,3848,7.7,47812,45491,2321,4.9,48262,45840,2422,5
39005,OH,Ashland,25820,23745,2075,8,25962,24655,1307,5,26258,24927,1331,5.1
39007,OH,Ashtabula,46433,42062,4371,9.4,44321,41673,2648,6,44220,41522,2698,6.1
39009,OH,Athens,27585,25235,2350,8.5,27894,26156,1738,6.2,28017,26223,1794,6.4
39011,OH,Auglaize,23945,22465,1480,6.2,24437,23538,899,3.7,24622,23704,918,3.7
39013,OH,Belmont,31728,29111,2617,8.2,31132,29155,1977,6.4,31008,28694,2314,7.5
39015,OH,Brown,20144,18130,2014,10,19474,18260,1214,6.2,19492,18363,1129,5.8
39017,OH,Butler,186468,172183,14285,7.7,187336,178730,8606,4.6,189443,180906,8537,4.5
39019,OH,Carroll,13791,12696,1095,7.9,13340,12544,796,6,13437,12517,920,6.8
39021,OH,Champaign,19372,17942,1430,7.4,19861,18991,870,4.4,19882,18987,895,4.5
39023,OH,Clark,65847,60730,5117,7.8,64039,60836,3203,5,63577,60244,3333,5.2
39025,OH,Clermont,102086,94484,7602,7.4,102612,97978,4634,4.5,103911,99294,4617,4.4
39027,OH,Clinton,17282,15425,1857,10.7,16676,15640,1036,6.2,17169,16169,1000,5.8
39029,OH,Columbiana,50892,46694,4198,8.2,49354,46456,2898,5.9,48381,45146,3235,6.7
39031,OH,Coshocton,16205,14575,1630,10.1,15842,14832,1010,6.4,14993,13930,1063,7.1
39033,OH,Crawford,20305,18466,1839,9.1,19064,17956,1108,5.8,19167,18013,1154,6
39035,OH,Cuyahoga,619168,577178,41990,6.8,611662,579929,31733,5.2,613975,579779,34196,5.6
39037,OH,Darke,26561,24638,1923,7.2,26200,25082,1118,4.3,26376,25289,1087,4.1
39039,OH,Defiance,18986,17531,1455,7.7,18662,17745,917,4.9,18380,17473,907,4.9
39041,OH,Delaware,95949,90968,4981,5.2,102281,98666,3615,3.5,104863,101072,3791,3.6
39043,OH,Erie,38623,35530,3093,8,37334,35265,2069,5.5,37419,35365,2054,5.5
39045,OH,Fairfield,73311,68444,4867,6.6,74835,71573,3262,4.4,75958,72676,3282,4.3
39047,OH,Fayette,14112,12942,1170,8.3,14014,13321,693,4.9,14487,13846,641,4.4
39049,OH,Franklin,630055,589581,40474,6.4,655452,628603,26849,4.1,666877,639357,27520,4.1
39051,OH,Fulton,22419,20685,1734,7.7,22422,21328,1094,4.9,22677,21622,1055,4.7
39053,OH,Gallia,12647,11424,1223,9.7,12197,11405,792,6.5,12126,11299,827,6.8
39055,OH,Geauga,48839,46234,2605,5.3,48906,46859,2047,4.2,49190,46983,2207,4.5
39057,OH,Greene,80619,75067,5552,6.9,80332,76822,3510,4.4,81100,77572,3528,4.4
39059,OH,Guernsey,18227,16592,1635,9,19191,17999,1192,6.2,18888,17550,1338,7.1
39061,OH,Hamilton,401987,372343,29644,7.4,401210,383148,18062,4.5,404955,387023,17932,4.4
39063,OH,Hancock,39785,37240,2545,6.4,40732,39239,1493,3.7,41465,39935,1530,3.7
39065,OH,Hardin,14887,13776,1111,7.5,14487,13788,699,4.8,14378,13659,719,5
39067,OH,Harrison,6973,6377,596,8.5,7179,6727,452,6.3,6969,6436,533,7.6
39069,OH,Henry,14117,12882,1235,8.7,13539,12782,757,5.6,13605,12878,727,5.3
39071,OH,Highland,17605,15771,1834,10.4,16925,15847,1078,6.4,16930,15856,1074,6.3
39073,OH,Hocking,13547,12427,1120,8.3,13004,12277,727,5.6,13011,12284,727,5.6
39075,OH,Holmes,19745,18730,1015,5.1,20613,19907,706,3.4,20993,20236,757,3.6
39077,OH,Huron,28946,26079,2867,9.9,27596,25780,1816,6.6,28114,26284,1830,6.5
39079,OH,Jackson,13718,12301,1417,10.3,13040,12059,981,7.5,12800,11794,1006,7.9
39081,OH,Jefferson,31258,27863,3395,10.9,29369,27187,2182,7.4,28904,26487,2417,8.4
39083,OH,Knox,30142,28047,2095,7,31209,29760,1449,4.6,31232,29786,1446,4.6
39085,OH,Lake,124495,117089,7406,5.9,124070,118469,5601,4.5,124922,118779,6143,4.9
39087,OH,Lawrence,26501,24251,2250,8.5,24884,23423,1461,5.9,24751,23139,1612,6.5
39089,OH,Licking,86002,80186,5816,6.8,86882,83024,3858,4.4,88252,84380,3872,4.4
39091,OH,Logan,22594,20979,1615,7.1,23082,22110,972,4.2,23323,22345,978,4.2
39093,OH,Lorain,149175,138642,10533,7.1,150521,142125,8396,5.6,152716,143518,9198,6
39095,OH,Lucas,210372,192835,17537,8.3,208620,197540,11080,5.3,210421,199510,10911,5.2
39097,OH,Madison,20082,18800,1282,6.4,20483,19657,826,4,20339,19537,802,3.9
39099,OH,Mahoning,110705,101514,9191,8.3,106868,100353,6515,6.1,105950,99182,6768,6.4
39101,OH,Marion,28880,26595,2285,7.9,27756,26334,1422,5.1,27740,26330,1410,5.1
39103,OH,Medina,93623,88480,5143,5.5,94924,90993,3931,4.1,96165,91913,4252,4.4
39105,OH,Meigs,9502,8404,1098,11.6,9089,8340,749,8.2,8953,8189,764,8.5
39107,OH,Mercer,22129,20999,1130,5.1,22989,22235,754,3.3,23427,22661,766,3.3
39109,OH,Miami,52314,48510,3804,7.3,52363,50059,2304,4.4,53014,50703,2311,4.4
39111,OH,Monroe,6492,5947,545,8.4,5538,4987,551,9.9,5320,4728,592,11.1
39113,OH,Montgomery,254447,233575,20872,8.2,248915,236441,12474,5,250063,237713,12350,4.9
39115,OH,Morgan,6698,6035,663,9.9,6700,6211,489,7.3,6752,6192,560,8.3
39117,OH,Morrow,16894,15521,1373,8.1,16675,15834,841,5,16767,15920,847,5.1
39119,OH,Muskingum,40358,36657,3701,9.2,38781,36370,2411,6.2,39735,37339,2396,6
39121,OH,Noble,4779,4253,526,11,4970,4608,362,7.3,4892,4465,427,8.7
39123,OH,Ottawa,21991,19896,2095,9.5,21011,19622,1389,6.6,21030,19672,1358,6.5
39125,OH,Paulding,9210,8502,708,7.7,8899,8472,427,4.8,8876,8468,408,4.6
39127,OH,Perry,16086,14512,1574,9.8,15815,14782,1033,6.5,15889,14876,1013,6.4
39129,OH,Pickaway,25692,23779,1913,7.4,25726,24501,1225,4.8,26203,24938,1265,4.8
39131,OH,Pike,10566,9188,1378,13,10467,9700,767,7.3,10807,9995,812,7.5
39133,OH,Portage,87954,81546,6408,7.3,86767,82541,4226,4.9,87129,82748,4381,5
39135,OH,Preble,21470,19811,1659,7.7,20972,19960,1012,4.8,21019,20017,1002,4.8
39137,OH,Putnam,18791,17700,1091,5.8,18652,17929,723,3.9,18902,18209,693,3.7
39139,OH,Richland,55858,50987,4871,8.7,53529,50539,2990,5.6,53413,50450,2963,5.5
39141,OH,Ross,34037,31175,2862,8.4,33692,31886,1806,5.4,33840,31972,1868,5.5
39143,OH,Sandusky,31758,29368,2390,7.5,31336,29826,1510,4.8,31026,29561,1465,4.7
39145,OH,Scioto,31080,27567,3513,11.3,29556,27292,2264,7.7,29875,27562,2313,7.7
39147,OH,Seneca,27788,25575,2213,8,27127,25814,1313,4.8,27151,25820,1331,4.9
39149,OH,Shelby,23834,22097,1737,7.3,24062,23027,1035,4.3,24074,23074,1000,4.2
39151,OH,Stark,187871,173824,14047,7.5,186425,176599,9826,5.3,186472,176293,10179,5.5
39153,OH,Summit,272305,251990,20315,7.5,271574,258047,13527,5,272399,258493,13906,5.1
39155,OH,Trumbull,95305,86681,8624,9,91345,85450,5895,6.5,90427,84306,6121,6.8
39157,OH,Tuscarawas,44972,41665,3307,7.4,45413,42971,2442,5.4,45021,42431,2590,5.8
39159,OH,Union,26329,24816,1513,5.7,27007,25969,1038,3.8,27796,26733,1063,3.8
39161,OH,Van Wert,14150,13082,1068,7.5,14318,13722,596,4.2,14306,13727,579,4
39163,OH,Vinton,5548,4948,600,10.8,5456,5098,358,6.6,5455,5070,385,7.1
39165,OH,Warren,109019,101929,7090,6.5,112341,107670,4671,4.2,114608,109844,4764,4.2
39167,OH,Washington,28412,25954,2458,8.7,28040,26352,1688,6,27778,25837,1941,7
39169,OH,Wayne,59042,55431,3611,6.1,59959,57596,2363,3.9,61223,58782,2441,4
39171,OH,Williams,18853,17363,1490,7.9,18999,18160,839,4.4,19026,18166,860,4.5
39173,OH,Wood,68668,63951,4717,6.9,69541,66567,2974,4.3,70655,67701,2954,4.2
39175,OH,Wyandot,12133,11303,830,6.8,12340,11888,452,3.7,12676,12205,471,3.7
40001,OK,Adair,8503,7727,776,9.1,8176,7679,497,6.1,8162,7686,476,5.8
40003,OK,Alfalfa,2919,2836,83,2.8,3168,3074,94,3,2970,2871,99,3.3
40005,OK,Atoka,5004,4665,339,6.8,4868,4551,317,6.5,5066,4733,333,6.6
40007,OK,Beaver,3129,3035,94,3,3028,2945,83,2.7,2889,2799,90,3.1
40009,OK,Beckham,12561,12181,380,3,12226,11602,624,5.1,11044,10249,795,7.2
4001,AZ,Apache,22806,18482,4324,19,20607,17869,2738,13.3,20320,17984,2336,11.5
40011,OK,Blaine,4378,4208,170,3.9,4492,4319,173,3.9,4395,4233,162,3.7
40013,OK,Bryan,17629,16684,945,5.4,18363,17524,839,4.6,19529,18686,843,4.3
40015,OK,Caddo,11713,11012,701,6,11852,11240,612,5.2,11935,11302,633,5.3
40017,OK,Canadian,63528,61050,2478,3.9,68377,65906,2471,3.6,69479,66705,2774,4
40019,OK,Carter,21939,20727,1212,5.5,22585,21557,1028,4.6,22742,21564,1178,5.2
40021,OK,Cherokee,18987,17652,1335,7,19291,18293,998,5.2,19307,18243,1064,5.5
40023,OK,Choctaw,5834,5341,493,8.5,5923,5468,455,7.7,5761,5321,440,7.6
40025,OK,Cimarron,1292,1250,42,3.3,1377,1346,31,2.3,1417,1382,35,2.5
40027,OK,Cleveland,136363,130724,5639,4.1,138323,133430,4893,3.5,139280,133958,5322,3.8
40029,OK,Coal,2368,2200,168,7.1,2322,2145,177,7.6,2323,2153,170,7.3
4003,AZ,Cochise,53898,49027,4871,9,50302,46640,3662,7.3,49597,46498,3099,6.2
40031,OK,Comanche,50862,47845,3017,5.9,49705,47539,2166,4.4,49496,47212,2284,4.6
40033,OK,Cotton,2887,2724,163,5.6,2864,2745,119,4.2,2893,2754,139,4.8
40035,OK,Craig,6365,6006,359,5.6,6268,5965,303,4.8,6259,5956,303,4.8
40037,OK,Creek,31618,29712,1906,6,31378,29819,1559,5,31532,29698,1834,5.8
40039,OK,Custer,15691,15132,559,3.6,15676,15040,636,4.1,15212,14519,693,4.6
40041,OK,Delaware,17140,16010,1130,6.6,17497,16631,866,4.9,17987,17106,881,4.9
40043,OK,Dewey,2383,2307,76,3.2,2499,2409,90,3.6,2678,2569,109,4.1
40045,OK,Ellis,2282,2217,65,2.8,2394,2297,97,4.1,2257,2171,86,3.8
40047,OK,Garfield,29555,28358,1197,4.1,30120,28932,1188,3.9,29026,27757,1269,4.4
40049,OK,Garvin,12526,11904,622,5,12848,12243,605,4.7,12727,12046,681,5.4
4005,AZ,Coconino,71032,64922,6110,8.6,73254,68492,4762,6.5,74181,69706,4475,6
40051,OK,Grady,25585,24367,1218,4.8,26251,25071,1180,4.5,26117,24819,1298,5
40053,OK,Grant,2653,2563,90,3.4,3293,3197,96,2.9,3008,2911,97,3.2
40055,OK,Greer,2076,1965,111,5.3,2172,2049,123,5.7,2192,2030,162,7.4
40057,OK,Harmon,1415,1349,66,4.7,1304,1259,45,3.5,1293,1244,49,3.8
40059,OK,Harper,1920,1859,61,3.2,1990,1929,61,3.1,1912,1839,73,3.8
40061,OK,Haskell,4624,4213,411,8.9,4485,4129,356,7.9,4508,4135,373,8.3
40063,OK,Hughes,5778,5314,464,8,5741,5311,430,7.5,5520,5119,401,7.3
40065,OK,Jackson,11084,10516,568,5.1,10887,10444,443,4.1,11013,10529,484,4.4
40067,OK,Jefferson,2605,2477,128,4.9,2683,2529,154,5.7,2713,2519,194,7.2
40069,OK,Johnston,3652,3368,284,7.8,3975,3716,259,6.5,4378,4121,257,5.9
4007,AZ,Gila,20923,18786,2137,10.2,21199,19528,1671,7.9,20996,19474,1522,7.2
40071,OK,Kay,20316,18874,1442,7.1,19220,18126,1094,5.7,18965,17767,1198,6.3
40073,OK,Kingfisher,7704,7446,258,3.3,8288,8027,261,3.1,8457,8177,280,3.3
40075,OK,Kiowa,4275,4074,201,4.7,4168,3974,194,4.7,4113,3894,219,5.3
40077,OK,Latimer,4555,4168,387,8.5,3866,3552,314,8.1,3729,3407,322,8.6
40079,OK,Le Flore,20119,18383,1736,8.6,19662,18299,1363,6.9,19778,18412,1366,6.9
40081,OK,Lincoln,15570,14796,774,5,15898,15155,743,4.7,15896,15050,846,5.3
40083,OK,Logan,20619,19718,901,4.4,21500,20681,819,3.8,21598,20723,875,4.1
40085,OK,Love,5116,4899,217,4.2,5985,5772,213,3.6,6578,6371,207,3.1
40087,OK,McClain,17588,16852,736,4.2,18779,18081,698,3.7,18979,18198,781,4.1
40089,OK,McCurtain,14471,13096,1375,9.5,14757,13585,1172,7.9,14825,13764,1061,7.2
4009,AZ,Graham,14472,13242,1230,8.5,14508,13443,1065,7.3,14373,13402,971,6.8
40091,OK,McIntosh,7432,6677,755,10.2,7095,6481,614,8.7,7069,6438,631,8.9
40093,OK,Major,4078,3935,143,3.5,4303,4162,141,3.3,3998,3833,165,4.1
40095,OK,Marshall,6820,6423,397,5.8,6792,6420,372,5.5,6622,6287,335,5.1
40097,OK,Mayes,18499,17368,1131,6.1,19427,18586,841,4.3,19465,18470,995,5.1
40099,OK,Murray,6682,6374,308,4.6,6775,6488,287,4.2,6350,6064,286,4.5
40101,OK,Muskogee,30141,28116,2025,6.7,29616,28092,1524,5.1,29661,28043,1618,5.5
40103,OK,Noble,5497,5254,243,4.4,5647,5446,201,3.6,5766,5562,204,3.5
40105,OK,Nowata,4921,4585,336,6.8,4804,4530,274,5.7,4692,4406,286,6.1
40107,OK,Okfuskee,4416,4079,337,7.6,4548,4281,267,5.9,4558,4280,278,6.1
40109,OK,Oklahoma,365892,348402,17490,4.8,375304,360493,14811,3.9,375493,359384,16109,4.3
4011,AZ,Greenlee,3553,3261,292,8.2,4045,3725,320,7.9,3900,3604,296,7.6
40111,OK,Okmulgee,16557,15245,1312,7.9,16241,15155,1086,6.7,16172,15010,1162,7.2
40113,OK,Osage,21335,20089,1246,5.8,21249,20127,1122,5.3,21092,19877,1215,5.8
40115,OK,Ottawa,14573,13429,1144,7.9,14390,13651,739,5.1,14482,13754,728,5
40117,OK,Pawnee,7508,7015,493,6.6,7481,7044,437,5.8,7500,7002,498,6.6
40119,OK,Payne,37929,36149,1780,4.7,38435,37078,1357,3.5,38949,37501,1448,3.7
4012,AZ,La Paz,8137,7441,696,8.6,8169,7561,608,7.4,8470,7957,513,6.1
40121,OK,Pittsburg,19047,17719,1328,7,17456,16459,997,5.7,17651,16566,1085,6.1
40123,OK,Pontotoc,18279,17351,928,5.1,18267,17538,729,4,18476,17723,753,4.1
40125,OK,Pottawatomie,32072,30370,1702,5.3,32779,31303,1476,4.5,33092,31563,1529,4.6
40127,OK,Pushmataha,4866,4514,352,7.2,4919,4536,383,7.8,4881,4525,356,7.3
40129,OK,Roger Mills,2107,2047,60,2.8,1840,1762,78,4.2,1813,1720,93,5.1
4013,AZ,Maricopa,1895634,1757601,138033,7.3,2022190,1918529,103661,5.1,2080523,1985001,95522,4.6
40131,OK,Rogers,43833,41652,2181,5,44666,42705,1961,4.4,44930,42674,2256,5
40133,OK,Seminole,10003,9219,784,7.8,9617,8960,657,6.8,9452,8798,654,6.9
40135,OK,Sequoyah,17245,15807,1438,8.3,16798,15730,1068,6.4,16861,15805,1056,6.3
40137,OK,Stephens,20591,19580,1011,4.9,20303,19085,1218,6,19048,17238,1810,9.5
40139,OK,Texas,8991,8617,374,4.2,9704,9391,313,3.2,9411,9092,319,3.4
40141,OK,Tillman,3415,3250,165,4.8,3362,3218,144,4.3,3315,3168,147,4.4
40143,OK,Tulsa,310018,294043,15975,5.2,318248,305047,13201,4.1,318576,303691,14885,4.7
40145,OK,Wagoner,36015,34148,1867,5.2,36293,34764,1529,4.2,36658,34904,1754,4.8
40147,OK,Washington,24602,23416,1186,4.8,24484,23428,1056,4.3,23960,22786,1174,4.9
40149,OK,Washita,5651,5426,225,4,5614,5301,313,5.6,5327,4958,369,6.9
4015,AZ,Mohave,77570,69021,8549,11,79550,73238,6312,7.9,80509,75168,5341,6.6
40151,OK,Woods,5075,4934,141,2.8,5374,5225,149,2.8,5224,5056,168,3.2
40153,OK,Woodward,10597,10225,372,3.5,10316,9782,534,5.2,9528,8936,592,6.2
4017,AZ,Navajo,42957,36890,6067,14.1,40696,36765,3931,9.7,41330,37908,3422,8.3
4019,AZ,Pima,462896,428796,34100,7.4,465210,439734,25476,5.5,469613,446263,23350,5
4021,AZ,Pinal,148689,135995,12694,8.5,157161,147286,9875,6.3,163946,154832,9114,5.6
4023,AZ,Santa Cruz,20121,17014,3107,15.4,19869,17592,2277,11.5,19192,17261,1931,10.1
4025,AZ,Yavapai,92384,84442,7942,8.6,96196,90798,5398,5.6,99526,94609,4917,4.9
4027,AZ,Yuma,93806,71429,22377,23.9,93659,73341,20318,21.7,94117,76345,17772,18.9
41001,OR,Baker,7096,6347,749,10.6,6674,6223,451,6.8,6955,6517,438,6.3
41003,OR,Benton,44962,42263,2699,6,45443,43527,1916,4.2,46803,44974,1829,3.9
41005,OR,Clackamas,200407,184288,16119,8,205211,194716,10495,5.1,212716,203489,9227,4.3
41007,OR,Clatsop,18539,16918,1621,8.7,18355,17354,1001,5.5,19026,18131,895,4.7
41009,OR,Columbia,22920,20464,2456,10.7,22685,21065,1620,7.1,23624,22185,1439,6.1
41011,OR,Coos,27096,24091,3005,11.1,25954,24027,1927,7.4,26446,24760,1686,6.4
41013,OR,Crook,9226,7975,1251,13.6,9025,8271,754,8.4,9346,8699,647,6.9
41015,OR,Curry,8951,7897,1054,11.8,8714,7996,718,8.2,9047,8437,610,6.7
41017,OR,Deschutes,78730,69871,8859,11.3,84779,79794,4985,5.9,89902,85535,4367,4.9
41019,OR,Douglas,45703,40242,5461,11.9,44379,41054,3325,7.5,45714,42852,2862,6.3
41021,OR,Gilliam,937,842,95,10.1,810,758,52,6.4,838,789,49,5.8
41023,OR,Grant,3306,2843,463,14,3092,2823,269,8.7,3109,2872,237,7.6
41025,OR,Harney,3516,3102,414,11.8,3305,3068,237,7.2,3425,3211,214,6.2
41027,OR,Hood River,14039,13021,1018,7.3,13529,12892,637,4.7,13912,13338,574,4.1
41029,OR,Jackson,98382,87465,10917,11.1,98061,91415,6646,6.8,101428,95610,5818,5.7
41031,OR,Jefferson,9588,8456,1132,11.8,9647,8941,706,7.3,9864,9213,651,6.6
41033,OR,Josephine,33355,29299,4056,12.2,33278,30710,2568,7.7,34296,32080,2216,6.5
41035,OR,Klamath,29978,26465,3513,11.7,28670,26434,2236,7.8,29235,27258,1977,6.8
41037,OR,Lake,3627,3157,470,13,3437,3174,263,7.7,3454,3234,220,6.4
41039,OR,Lane,172255,156906,15349,8.9,172577,162549,10028,5.8,178520,169463,9057,5.1
41041,OR,Lincoln,21344,19226,2118,9.9,20527,19163,1364,6.6,20904,19733,1171,5.6
41043,OR,Linn,55287,49347,5940,10.7,55202,51496,3706,6.7,56842,53606,3236,5.7
41045,OR,Malheur,12825,11624,1201,9.4,11959,11198,761,6.4,12482,11794,688,5.5
41047,OR,Marion,150568,135549,15019,10,152666,143517,9149,6,157440,149485,7955,5.1
41049,OR,Morrow,5642,5185,457,8.1,5543,5226,317,5.7,5768,5489,279,4.8
41051,OR,Multnomah,419500,387585,31915,7.6,429736,408702,21034,4.9,444006,425266,18740,4.2
41053,OR,Polk,35226,32092,3134,8.9,36592,34536,2056,5.6,38336,36406,1930,5
41055,OR,Sherman,895,799,96,10.7,888,834,54,6.1,895,854,41,4.6
41057,OR,Tillamook,11169,10085,1084,9.7,11392,10752,640,5.6,11643,11072,571,4.9
41059,OR,Umatilla,36674,33354,3320,9.1,35259,33016,2243,6.4,36023,34104,1919,5.3
41061,OR,Union,12211,11060,1151,9.4,11705,10985,720,6.2,11979,11273,706,5.9
41063,OR,Wallowa,3351,2966,385,11.5,3244,2991,253,7.8,3316,3093,223,6.7
41065,OR,Wasco,13801,12639,1162,8.4,13027,12298,729,5.6,13694,13038,656,4.8
41067,OR,Washington,291013,270395,20618,7.1,301704,287562,14142,4.7,313480,300651,12829,4.1
41069,OR,Wheeler,781,727,54,6.9,692,656,36,5.2,686,657,29,4.2
41071,OR,Yamhill,50544,46248,4296,8.5,50875,48189,2686,5.3,53203,50764,2439,4.6
42001,PA,Adams,54757,51253,3504,6.4,54948,52641,2307,4.2,55392,53195,2197,4
42003,PA,Allegheny,653230,607825,45405,7,647041,614989,32052,5,647442,613923,33519,5.2
42005,PA,Armstrong,33904,31182,2722,8,33001,30811,2190,6.6,33087,30609,2478,7.5
42007,PA,Beaver,86891,80348,6543,7.5,85719,80539,5180,6,85311,80035,5276,6.2
42009,PA,Bedford,25078,22915,2163,8.6,24107,22645,1462,6.1,24049,22643,1406,5.8
42011,PA,Berks,211799,195566,16233,7.7,212348,201877,10471,4.9,213186,202596,10590,5
42013,PA,Blair,61849,57250,4599,7.4,60945,57806,3139,5.2,60843,57635,3208,5.3
42015,PA,Bradford,32637,30393,2244,6.9,31343,29489,1854,5.9,30170,28201,1969,6.5
42017,PA,Bucks,338749,314432,24317,7.2,337323,321590,15733,4.7,340801,325087,15714,4.6
42019,PA,Butler,97983,91690,6293,6.4,98026,93403,4623,4.7,98598,93616,4982,5.1
42021,PA,Cambria,65983,60187,5796,8.8,62286,58202,4084,6.6,61337,57173,4164,6.8
42023,PA,Cameron,2454,2202,252,10.3,2261,2100,161,7.1,2231,2067,164,7.4
42025,PA,Carbon,32308,29076,3232,10,31422,29520,1902,6.1,31552,29672,1880,6
42027,PA,Centre,77567,73313,4254,5.5,77749,74662,3087,4,78925,75635,3290,4.2
42029,PA,Chester,272982,257629,15353,5.6,276863,266326,10537,3.8,280310,269460,10850,3.9
42031,PA,Clarion,19002,17297,1705,9,18256,17166,1090,6,18024,16916,1108,6.1
42033,PA,Clearfield,38233,34658,3575,9.4,36382,33967,2415,6.6,36302,33661,2641,7.3
42035,PA,Clinton,19462,17742,1720,8.8,18748,17458,1290,6.9,18552,17241,1311,7.1
42037,PA,Columbia,35513,32551,2962,8.3,33711,31806,1905,5.7,33892,32017,1875,5.5
42039,PA,Crawford,41985,38783,3202,7.6,41013,38882,2131,5.2,40496,38066,2430,6
42041,PA,Cumberland,125782,117992,7790,6.2,128296,123183,5113,4,130104,124828,5276,4.1
42043,PA,Dauphin,141155,130686,10469,7.4,140885,134330,6555,4.7,142086,135338,6748,4.7
42045,PA,Delaware,289584,267294,22290,7.7,291308,277063,14245,4.9,294152,279850,14302,4.9
42047,PA,Elk,16887,15712,1175,7,16318,15514,804,4.9,16329,15430,899,5.5
42049,PA,Erie,137424,126709,10715,7.8,134648,127251,7397,5.5,133570,124886,8684,6.5
42051,PA,Fayette,60257,54273,5984,9.9,58319,53948,4371,7.5,58428,53700,4728,8.1
42053,PA,Forest,2015,1817,198,9.8,1897,1748,149,7.9,1890,1742,148,7.8
42055,PA,Franklin,76336,70983,5353,7,77794,73937,3857,5,77483,73493,3990,5.1
42057,PA,Fulton,7442,6756,686,9.2,7436,6973,463,6.2,7303,6842,461,6.3
42059,PA,Greene,19075,17684,1391,7.3,18149,17061,1088,6,17295,15957,1338,7.7
42061,PA,Huntingdon,20774,18711,2063,9.9,19653,18274,1379,7,19661,18289,1372,7
42063,PA,Indiana,44758,41131,3627,8.1,41721,39090,2631,6.3,40161,37241,2920,7.3
42065,PA,Jefferson,21756,19946,1810,8.3,20955,19676,1279,6.1,20699,19284,1415,6.8
42067,PA,Juniata,12048,11174,874,7.3,11982,11389,593,4.9,12198,11546,652,5.3
42069,PA,Lackawanna,107642,98123,9519,8.8,106329,100137,6192,5.8,106753,100722,6031,5.6
42071,PA,Lancaster,269195,251661,17534,6.5,275782,264447,11335,4.1,279791,268250,11541,4.1
42073,PA,Lawrence,43331,39906,3425,7.9,42084,39427,2657,6.3,41501,38716,2785,6.7
42075,PA,Lebanon,70908,66177,4731,6.7,70011,66844,3167,4.5,70572,67413,3159,4.5
42077,PA,Lehigh,182830,167319,15511,8.5,185598,175701,9897,5.3,188952,178860,10092,5.3
42079,PA,Luzerne,160859,145107,15752,9.8,158643,148413,10230,6.4,158706,148726,9980,6.3
42081,PA,Lycoming,62753,57816,4937,7.9,60858,57177,3681,6,58711,54823,3888,6.6
42083,PA,McKean,20271,18571,1700,8.4,18964,17813,1151,6.1,18488,17266,1222,6.6
42085,PA,Mercer,53940,49864,4076,7.6,52958,50073,2885,5.4,52527,49396,3131,6
42087,PA,Mifflin,21130,19302,1828,8.7,20898,19692,1206,5.8,20804,19615,1189,5.7
42089,PA,Monroe,82408,74360,8048,9.8,80688,75482,5206,6.5,81853,76748,5105,6.2
42091,PA,Montgomery,435606,407910,27696,6.4,440556,422255,18301,4.2,447345,428861,18484,4.1
42093,PA,Montour,9444,8894,550,5.8,9140,8746,394,4.3,9126,8737,389,4.3
42095,PA,Northampton,155392,142799,12593,8.1,156427,148200,8227,5.3,158771,150580,8191,5.2
42097,PA,Northumberland,45087,40981,4106,9.1,43400,40752,2648,6.1,43949,41207,2742,6.2
42099,PA,Perry,24659,22871,1788,7.3,24089,23014,1075,4.5,24281,23162,1119,4.6
42101,PA,Philadelphia/city,699340,623262,76078,10.9,695006,645640,49366,7.1,703277,655784,47493,6.8
42103,PA,Pike,26007,23374,2633,10.1,24893,23261,1632,6.6,24853,23266,1587,6.4
42105,PA,Potter,7929,7206,723,9.1,7369,6851,518,7,7379,6801,578,7.8
42107,PA,Schuylkill,70985,64079,6906,9.7,68137,63854,4283,6.3,67559,63388,4171,6.2
42109,PA,Snyder,19836,18329,1507,7.6,20049,19109,940,4.7,20514,19556,958,4.7
42111,PA,Somerset,36585,33344,3241,8.9,34439,32088,2351,6.8,34171,31717,2454,7.2
42113,PA,Sullivan,3102,2860,242,7.8,3032,2845,187,6.2,2840,2636,204,7.2
42115,PA,Susquehanna,22508,20797,1711,7.6,21384,20191,1193,5.6,20862,19679,1183,5.7
42117,PA,Tioga,21728,20072,1656,7.6,20316,18993,1323,6.5,19863,18449,1414,7.1
42119,PA,Union,19130,17901,1229,6.4,19294,18431,863,4.5,19778,18833,945,4.8
42121,PA,Venango,26300,24284,2016,7.7,24442,22989,1453,5.9,23710,21993,1717,7.2
42123,PA,Warren,20589,19180,1409,6.8,19941,18947,994,5,19774,18692,1082,5.5
42125,PA,Washington,107442,99720,7722,7.2,106542,100609,5933,5.6,107247,100697,6550,6.1
42127,PA,Wayne,23119,21258,1861,8,22249,20955,1294,5.8,22518,21226,1292,5.7
42129,PA,Westmoreland,187628,173806,13822,7.4,182787,172925,9862,5.4,182780,172101,10679,5.8
42131,PA,Wyoming,14394,13106,1288,8.9,14105,13245,860,6.1,14084,13211,873,6.2
42133,PA,York,233209,215917,17292,7.4,232560,221499,11061,4.8,234861,224026,10835,4.6
44001,RI,Bristol,26197,23845,2352,9,26168,24785,1383,5.3,26141,24931,1210,4.6
44003,RI,Kent,92214,83043,9171,9.9,91038,86019,5019,5.5,90748,86456,4292,4.7
44005,RI,Newport,44228,40119,4109,9.3,44092,41708,2384,5.4,44247,42165,2082,4.7
44007,RI,Providence,325798,290149,35649,10.9,323956,303417,20539,6.3,323291,305432,17859,5.5
44009,RI,Washington,70052,63279,6773,9.7,69330,65445,3885,5.6,68991,65718,3273,4.7
45001,SC,Abbeville,10684,9549,1135,10.6,10341,9628,713,6.9,10272,9707,565,5.5
45003,SC,Aiken,72956,66682,6274,8.6,73869,69507,4362,5.9,74052,70333,3719,5
45005,SC,Allendale,3133,2603,530,16.9,2747,2436,311,11.3,2660,2431,229,8.6
45007,SC,Anderson,85577,77998,7579,8.9,88401,83616,4785,5.4,88808,84714,4094,4.6
45009,SC,Bamberg,5800,4877,923,15.9,5457,4883,574,10.5,5312,4830,482,9.1
45011,SC,Barnwell,8959,7716,1243,13.9,8371,7617,754,9,8063,7466,597,7.4
45013,SC,Beaufort,65919,60939,4980,7.6,71601,67680,3921,5.5,72435,68957,3478,4.8
45015,SC,Berkeley,88403,80977,7426,8.4,93423,88270,5153,5.5,96894,92439,4455,4.6
45017,SC,Calhoun,6951,6173,778,11.2,6887,6395,492,7.1,6894,6466,428,6.2
45019,SC,Charleston,186506,173166,13340,7.2,198029,188413,9616,4.9,201534,193260,8274,4.1
45021,SC,Cherokee,23751,20705,3046,12.8,23446,21772,1674,7.1,23508,22098,1410,6
45023,SC,Chester,14035,11961,2074,14.8,13445,12317,1128,8.4,13378,12411,967,7.2
45025,SC,Chesterfield,21047,18655,2392,11.4,21429,20126,1303,6.1,21611,20528,1083,5
45027,SC,Clarendon,13282,11578,1704,12.8,13057,12050,1007,7.7,12707,11856,851,6.7
45029,SC,Colleton,16455,14465,1990,12.1,16707,15540,1167,7,16740,15798,942,5.6
45031,SC,Darlington,30412,27048,3364,11.1,30043,27823,2220,7.4,29879,28010,1869,6.3
45033,SC,Dillon,13203,11338,1865,14.1,12664,11571,1093,8.6,12673,11812,861,6.8
45035,SC,Dorchester,68192,62864,5328,7.8,72649,68664,3985,5.5,73092,69726,3366,4.6
45037,SC,Edgefield,10643,9638,1005,9.4,10660,9981,679,6.4,10537,9937,600,5.7
45039,SC,Fairfield,10392,9039,1353,13,10016,9207,809,8.1,9987,9263,724,7.2
45041,SC,Florence,64973,58697,6276,9.7,65465,61176,4289,6.6,65310,61854,3456,5.3
45043,SC,Georgetown,24672,21718,2954,12,25216,23090,2126,8.4,24941,23239,1702,6.8
45045,SC,Greenville,226950,210086,16864,7.4,242770,230754,12016,4.9,245243,234813,10430,4.3
45047,SC,Greenwood,32049,28798,3251,10.1,31239,29260,1979,6.3,31315,29688,1627,5.2
45049,SC,Hampton,8421,7480,941,11.2,8341,7640,701,8.4,8220,7738,482,5.9
45051,SC,Horry,132681,118938,13743,10.4,137231,127443,9788,7.1,140038,131823,8215,5.9
45053,SC,Jasper,10962,10033,929,8.5,11811,11205,606,5.1,11986,11461,525,4.4
45055,SC,Kershaw,28126,25448,2678,9.5,28922,27190,1732,6,29217,27685,1532,5.2
45057,SC,Lancaster,34350,30478,3872,11.3,36683,34369,2314,6.3,38304,36255,2049,5.3
45059,SC,Laurens,30028,26938,3090,10.3,30264,28275,1989,6.6,30003,28434,1569,5.2
45061,SC,Lee,6728,5782,946,14.1,6454,5909,545,8.4,6433,5976,457,7.1
45063,SC,Lexington,136586,127020,9566,7,145267,138225,7042,4.8,147910,141860,6050,4.1
45065,SC,McCormick,3571,3150,421,11.8,3437,3193,244,7.1,3390,3200,190,5.6
45067,SC,Marion,13509,11361,2148,15.9,12853,11569,1284,10,12670,11560,1110,8.8
45069,SC,Marlboro,10799,8900,1899,17.6,9640,8669,971,10.1,9304,8518,786,8.4
45071,SC,Newberry,18232,16622,1610,8.8,18883,17879,1004,5.3,19170,18315,855,4.5
45073,SC,Oconee,33388,30452,2936,8.8,34462,32460,2002,5.8,34186,32415,1771,5.2
45075,SC,Orangeburg,39379,33761,5618,14.3,36921,32898,4023,10.9,35586,32413,3173,8.9
45077,SC,Pickens,54754,49844,4910,9,56023,52784,3239,5.8,56299,53486,2813,5
45079,SC,Richland,189352,173861,15491,8.2,198546,187288,11258,5.7,200219,190518,9701,4.8
45081,SC,Saluda,8595,7866,729,8.5,8823,8360,463,5.2,8886,8481,405,4.6
45083,SC,Spartanburg,134781,122074,12707,9.4,139770,131767,8003,5.7,142237,135490,6747,4.7
45085,SC,Sumter,44730,39963,4767,10.7,44354,41315,3039,6.9,44230,41619,2611,5.9
45087,SC,Union,11963,10332,1631,13.6,11547,10634,913,7.9,11456,10742,714,6.2
45089,SC,Williamsburg,12435,10471,1964,15.8,12810,11626,1184,9.2,12464,11497,967,7.8
45091,SC,York,118566,107576,10990,9.3,126581,119628,6953,5.5,130517,124468,6049,4.6
46003,SD,Aurora,1683,1633,50,3,1570,1535,35,2.2,1521,1487,34,2.2
46005,SD,Beadle,9567,9234,333,3.5,9461,9212,249,2.6,9410,9168,242,2.6
46007,SD,Bennett,1199,1118,81,6.8,1130,1073,57,5,1123,1079,44,3.9
46009,SD,Bon Homme,3036,2917,119,3.9,3007,2927,80,2.7,2945,2865,80,2.7
46011,SD,Brookings,17682,16990,692,3.9,18549,18006,543,2.9,18884,18368,516,2.7
46013,SD,Brown,20860,20115,745,3.6,20973,20415,558,2.7,21087,20524,563,2.7
46015,SD,Brule,2648,2552,96,3.6,2534,2466,68,2.7,2471,2408,63,2.5
46017,SD,Buffalo,746,674,72,9.7,714,664,50,7,726,666,60,8.3
46019,SD,Butte,4974,4742,232,4.7,5088,4915,173,3.4,5047,4873,174,3.4
46021,SD,Campbell,860,829,31,3.6,849,824,25,2.9,850,825,25,2.9
46023,SD,Charles Mix,4056,3855,201,5,3980,3843,137,3.4,3888,3764,124,3.2
46025,SD,Clark,1921,1838,83,4.3,1963,1892,71,3.6,1920,1845,75,3.9
46027,SD,Clay,7426,7142,284,3.8,7005,6790,215,3.1,6986,6777,209,3
46029,SD,Codington,15486,14884,602,3.9,15308,14836,472,3.1,15204,14736,468,3.1
46031,SD,Corson,1512,1391,121,8,1489,1413,76,5.1,1453,1388,65,4.5
46033,SD,Custer,4017,3801,216,5.4,3960,3792,168,4.2,3993,3833,160,4
46035,SD,Davison,11204,10830,374,3.3,11317,11030,287,2.5,11235,10967,268,2.4
46037,SD,Day,2948,2778,170,5.8,2858,2715,143,5,2858,2737,121,4.2
46039,SD,Deuel,2479,2332,147,5.9,2307,2193,114,4.9,2239,2130,109,4.9
46041,SD,Dewey,2414,2027,387,16,2291,2028,263,11.5,2251,2049,202,9
46043,SD,Douglas,1693,1636,57,3.4,1672,1631,41,2.5,1671,1629,42,2.5
46045,SD,Edmunds,2305,2236,69,3,2218,2163,55,2.5,2163,2113,50,2.3
46047,SD,Fall River,3121,2943,178,5.7,2971,2839,132,4.4,3022,2890,132,4.4
46049,SD,Faulk,1144,1098,46,4,1118,1089,29,2.6,1113,1084,29,2.6
46051,SD,Grant,4516,4317,199,4.4,4701,4562,139,3,4457,4314,143,3.2
46053,SD,Gregory,2130,2037,93,4.4,2055,1990,65,3.2,2075,2013,62,3
46055,SD,Haakon,1097,1062,35,3.2,1096,1071,25,2.3,1105,1079,26,2.4
46057,SD,Hamlin,3125,3002,123,3.9,3130,3026,104,3.3,3173,3067,106,3.3
46059,SD,Hand,1832,1776,56,3.1,1872,1829,43,2.3,1831,1792,39,2.1
46061,SD,Hanson,1809,1725,84,4.6,1797,1737,60,3.3,1769,1709,60,3.4
46063,SD,Harding,807,777,30,3.7,779,760,19,2.4,761,739,22,2.9
46065,SD,Hughes,9916,9588,328,3.3,9887,9649,238,2.4,10062,9825,237,2.4
46067,SD,Hutchinson,3712,3583,129,3.5,3670,3579,91,2.5,3650,3557,93,2.5
46069,SD,Hyde,765,738,27,3.5,706,686,20,2.8,698,679,19,2.7
46071,SD,Jackson,1340,1246,94,7,1325,1268,57,4.3,1304,1250,54,4.1
46073,SD,Jerauld,1216,1178,38,3.1,1124,1099,25,2.2,1071,1045,26,2.4
46075,SD,Jones,626,602,24,3.8,584,567,17,2.9,569,556,13,2.3
46077,SD,Kingsbury,2971,2865,106,3.6,2751,2670,81,2.9,2740,2668,72,2.6
46079,SD,Lake,6263,5997,266,4.2,6504,6268,236,3.6,6456,6237,219,3.4
46081,SD,Lawrence,12643,12075,568,4.5,12725,12309,416,3.3,13060,12631,429,3.3
46083,SD,Lincoln,27813,26913,900,3.2,30428,29744,684,2.2,31436,30760,676,2.2
46085,SD,Lyman,1879,1768,111,5.9,1792,1708,84,4.7,1775,1692,83,4.7
46087,SD,McCook,3169,3049,120,3.8,3129,3054,75,2.4,3132,3055,77,2.5
46089,SD,McPherson,1144,1091,53,4.6,1112,1075,37,3.3,1088,1051,37,3.4
46091,SD,Marshall,2499,2379,120,4.8,2501,2405,96,3.8,2460,2365,95,3.9
46093,SD,Meade,13173,12595,578,4.4,13325,12904,421,3.2,13675,13246,429,3.1
46095,SD,Mellette,856,789,67,7.8,797,756,41,5.1,770,738,32,4.2
46097,SD,Miner,1260,1214,46,3.7,1211,1182,29,2.4,1200,1168,32,2.7
46099,SD,Minnehaha,100905,96904,4001,4,106217,103350,2867,2.7,107699,104942,2757,2.6
46101,SD,Moody,4004,3785,219,5.5,3940,3806,134,3.4,3950,3805,145,3.7
46102,SD,Oglala Lakota,3756,3221,535,14.2,3583,3172,411,11.5,3610,3223,387,10.7
46103,SD,Pennington,53290,50948,2342,4.4,54315,52603,1712,3.2,54703,53022,1681,3.1
46105,SD,Perkins,1533,1472,61,4,1574,1524,50,3.2,1577,1532,45,2.9
46107,SD,Potter,1210,1161,49,4,1181,1143,38,3.2,1157,1126,31,2.7
46109,SD,Roberts,4922,4640,282,5.7,4861,4650,211,4.3,4840,4640,200,4.1
46111,SD,Sanborn,1295,1250,45,3.5,1225,1194,31,2.5,1209,1173,36,3
46115,SD,Spink,3397,3258,139,4.1,3314,3212,102,3.1,3285,3184,101,3.1
46117,SD,Stanley,1858,1802,56,3,1833,1789,44,2.4,1870,1825,45,2.4
46119,SD,Sully,880,853,27,3.1,869,847,22,2.5,859,839,20,2.3
46121,SD,Todd,3230,2917,313,9.7,3047,2822,225,7.4,3059,2862,197,6.4
46123,SD,Tripp,3145,3028,117,3.7,3078,2996,82,2.7,3063,2995,68,2.2
46125,SD,Turner,4730,4565,165,3.5,4632,4508,124,2.7,4676,4546,130,2.8
46127,SD,Union,7803,7432,371,4.8,8023,7751,272,3.4,8048,7798,250,3.1
46129,SD,Walworth,2325,2182,143,6.2,2265,2143,122,5.4,2241,2126,115,5.1
46135,SD,Yankton,11567,11142,425,3.7,11588,11287,301,2.6,11582,11286,296,2.6
46137,SD,Ziebach,1055,982,73,6.9,983,933,50,5.1,976,932,44,4.5
47001,TN,Anderson,34512,31781,2731,7.9,33213,31279,1934,5.8,33610,31980,1630,4.8
47003,TN,Bedford,20297,18313,1984,9.8,19368,18120,1248,6.4,19787,18808,979,4.9
47005,TN,Benton,6963,6280,683,9.8,6751,6233,518,7.7,6727,6249,478,7.1
47007,TN,Bledsoe,4309,3862,447,10.4,4242,3905,337,7.9,4314,4015,299,6.9
47009,TN,Blount,60433,56162,4271,7.1,59406,56332,3074,5.2,60728,58084,2644,4.4
47011,TN,Bradley,48773,45184,3589,7.4,49333,46756,2577,5.2,50035,47813,2222,4.4
47013,TN,Campbell,15736,13996,1740,11.1,14598,13442,1156,7.9,14706,13693,1013,6.9
47015,TN,Cannon,6029,5517,512,8.5,5846,5507,339,5.8,6009,5732,277,4.6
47017,TN,Carroll,13384,11920,1464,10.9,12159,11152,1007,8.3,12000,11196,804,6.7
47019,TN,Carter,25500,23225,2275,8.9,23480,21969,1511,6.4,23626,22296,1330,5.6
47021,TN,Cheatham,20176,18721,1455,7.2,19826,18866,960,4.8,20223,19423,800,4
47023,TN,Chester,8376,7720,656,7.8,8208,7727,481,5.9,8430,8012,418,5
47025,TN,Claiborne,13333,12019,1314,9.9,12551,11643,908,7.2,12674,11888,786,6.2
47027,TN,Clay,3321,2989,332,10,2992,2727,265,8.9,3036,2838,198,6.5
47029,TN,Cocke,15470,13697,1773,11.5,14376,13261,1115,7.8,14424,13516,908,6.3
47031,TN,Coffee,24650,22623,2027,8.2,24240,22900,1340,5.5,24408,23263,1145,4.7
47033,TN,Crockett,7215,6554,661,9.2,6806,6369,437,6.4,6874,6515,359,5.2
47035,TN,Cumberland,23834,21689,2145,9,22883,21265,1618,7.1,23517,22129,1388,5.9
47037,TN,Davidson,353385,331459,21926,6.2,363402,347500,15902,4.4,373277,359869,13408,3.6
47039,TN,Decatur,5214,4676,538,10.3,4702,4332,370,7.9,4652,4333,319,6.9
47041,TN,DeKalb,8043,7272,771,9.6,7350,6846,504,6.9,7534,7116,418,5.5
47043,TN,Dickson,24197,22185,2012,8.3,24044,22737,1307,5.4,24740,23666,1074,4.3
47045,TN,Dyer,17486,15564,1922,11,16629,15436,1193,7.2,16335,15326,1009,6.2
47047,TN,Fayette,18417,16858,1559,8.5,17833,16731,1102,6.2,18249,17333,916,5
47049,TN,Fentress,7474,6746,728,9.7,6987,6478,509,7.3,7094,6658,436,6.1
47051,TN,Franklin,19475,17961,1514,7.8,19553,18539,1014,5.2,19804,18846,958,4.8
47053,TN,Gibson,22887,20532,2355,10.3,20985,19439,1546,7.4,21198,19961,1237,5.8
47055,TN,Giles,14038,12856,1182,8.4,14522,13798,724,5,15246,14635,611,4
47057,TN,Grainger,9686,8690,996,10.3,9125,8519,606,6.6,9268,8768,500,5.4
47059,TN,Greene,30080,27025,3055,10.2,30547,28576,1971,6.5,30817,29142,1675,5.4
47061,TN,Grundy,5532,4976,556,10.1,4862,4484,378,7.8,4780,4472,308,6.4
47063,TN,Hamblen,27603,25007,2596,9.4,26410,24772,1638,6.2,26801,25437,1364,5.1
47065,TN,Hamilton,171034,159238,11796,6.9,166982,158114,8868,5.3,171608,163729,7879,4.6
47067,TN,Hancock,2257,1991,266,11.8,2059,1860,199,9.7,2029,1869,160,7.9
47069,TN,Hardeman,9999,8909,1090,10.9,9270,8574,696,7.5,9178,8615,563,6.1
47071,TN,Hardin,11148,10027,1121,10.1,10242,9506,736,7.2,10187,9580,607,6
47073,TN,Hawkins,25096,22883,2213,8.8,23485,21985,1500,6.4,23666,22394,1272,5.4
47075,TN,Haywood,8229,7279,950,11.5,7614,6977,637,8.4,7662,7167,495,6.5
47077,TN,Henderson,13206,11930,1276,9.7,12249,11273,976,8,11964,11149,815,6.8
47079,TN,Henry,14296,12950,1346,9.4,13847,12943,904,6.5,13898,13082,816,5.9
47081,TN,Hickman,10652,9707,945,8.9,10296,9711,585,5.7,10417,9937,480,4.6
47083,TN,Houston,3519,3126,393,11.2,3191,2916,275,8.6,3192,2953,239,7.5
47085,TN,Humphreys,8660,7837,823,9.5,8450,7880,570,6.7,8627,8110,517,6
47087,TN,Jackson,4588,4108,480,10.5,4455,4105,350,7.9,4484,4172,312,7
47089,TN,Jefferson,24000,21752,2248,9.4,23247,21760,1487,6.4,23571,22331,1240,5.3
47091,TN,Johnson,7353,6658,695,9.5,7294,6883,411,5.6,7527,7167,360,4.8
47093,TN,Knox,230959,216796,14163,6.1,227941,217295,10646,4.7,233285,224002,9283,4
47095,TN,Lake,2208,1978,230,10.4,1967,1799,168,8.5,1912,1764,148,7.7
47097,TN,Lauderdale,10525,9377,1148,10.9,9577,8730,847,8.8,9417,8692,725,7.7
47099,TN,Lawrence,18710,16927,1783,9.5,17685,16518,1167,6.6,17762,16742,1020,5.7
47101,TN,Lewis,5046,4501,545,10.8,4794,4444,350,7.3,4879,4590,289,5.9
47103,TN,Lincoln,15595,14645,950,6.1,15112,14385,727,4.8,15937,15287,650,4.1
47105,TN,Loudon,22335,20646,1689,7.6,21890,20665,1225,5.6,22242,21207,1035,4.7
47107,TN,McMinn,23623,21462,2161,9.1,22601,21172,1429,6.3,22721,21491,1230,5.4
47109,TN,McNairy,9768,8766,1002,10.3,8741,7999,742,8.5,8749,8137,612,7
47111,TN,Macon,10139,9299,840,8.3,9941,9414,527,5.3,10219,9775,444,4.3
47113,TN,Madison,48531,44585,3946,8.1,46436,43704,2732,5.9,47714,45401,2313,4.8
47115,TN,Marion,12282,11163,1119,9.1,11690,10900,790,6.8,11899,11153,746,6.3
47117,TN,Marshall,14300,12959,1341,9.4,14735,13911,824,5.6,15048,14356,692,4.6
47119,TN,Maury,40673,37487,3186,7.8,42270,40105,2165,5.1,44013,42242,1771,4
47121,TN,Meigs,5063,4541,522,10.3,4847,4477,370,7.6,4889,4556,333,6.8
47123,TN,Monroe,19478,17540,1938,9.9,19008,17814,1194,6.3,19370,18351,1019,5.3
47125,TN,Montgomery,78041,72126,5915,7.6,78431,73868,4563,5.8,79827,75777,4050,5.1
47127,TN,Moore,3395,3198,197,5.8,3299,3150,149,4.5,3380,3253,127,3.8
47129,TN,Morgan,8325,7472,853,10.2,7701,7126,575,7.5,7790,7290,500,6.4
47131,TN,Obion,14349,12422,1927,13.4,12451,11378,1073,8.6,12547,11667,880,7
47133,TN,Overton,9738,8870,868,8.9,9072,8425,647,7.1,9199,8709,490,5.3
47135,TN,Perry,3115,2811,304,9.8,3113,2904,209,6.7,3184,2983,201,6.3
47137,TN,Pickett,2448,2218,230,9.4,2395,2211,184,7.7,2321,2169,152,6.5
47139,TN,Polk,7486,6752,734,9.8,7312,6830,482,6.6,7378,6956,422,5.7
47141,TN,Putnam,32924,30279,2645,8,32380,30493,1887,5.8,33199,31579,1620,4.9
47143,TN,Rhea,13503,12120,1383,10.2,13065,12100,965,7.4,13450,12498,952,7.1
47145,TN,Roane,23894,21834,2060,8.6,22535,21080,1455,6.5,22820,21555,1265,5.5
47147,TN,Robertson,33744,31371,2373,7,33749,32102,1647,4.9,34696,33260,1436,4.1
47149,TN,Rutherford,145170,135724,9446,6.5,155268,148313,6955,4.5,163365,157344,6021,3.7
47151,TN,Scott,8774,7411,1363,15.5,8064,7313,751,9.3,8008,7417,591,7.4
47153,TN,Sequatchie,5960,5460,500,8.4,5781,5407,374,6.5,5911,5567,344,5.8
47155,TN,Sevier,49488,45160,4328,8.7,49752,46755,2997,6,51117,48598,2519,4.9
47157,TN,Shelby,446126,407723,38403,8.6,429131,401599,27532,6.4,433440,410379,23061,5.3
47159,TN,Smith,8670,7963,707,8.2,8469,7994,475,5.6,8667,8271,396,4.6
47161,TN,Stewart,5542,4931,611,11,5129,4735,394,7.7,5158,4809,349,6.8
47163,TN,Sullivan,72944,67447,5497,7.5,69013,65022,3991,5.8,69645,66058,3587,5.2
47165,TN,Sumner,85031,79493,5538,6.5,88407,84335,4072,4.6,92179,88612,3567,3.9
47167,TN,Tipton,28320,25811,2509,8.9,27434,25493,1941,7.1,27459,25905,1554,5.7
47169,TN,Trousdale,3684,3366,318,8.6,3676,3459,217,5.9,3840,3655,185,4.8
47171,TN,Unicoi,7710,6916,794,10.3,7017,6458,559,8,6999,6504,495,7.1
47173,TN,Union,7627,6907,720,9.4,7205,6715,490,6.8,7267,6848,419,5.8
47175,TN,Van Buren,2245,1987,258,11.5,2050,1886,164,8,2033,1908,125,6.1
47177,TN,Warren,17498,15964,1534,8.8,17767,16768,999,5.6,17641,16797,844,4.8
47179,TN,Washington,60304,56033,4271,7.1,57724,54517,3207,5.6,58640,55849,2791,4.8
47181,TN,Wayne,6662,6031,631,9.5,6173,5717,456,7.4,6077,5679,398,6.5
47183,TN,Weakley,16946,15094,1852,10.9,15562,14504,1058,6.8,15835,14913,922,5.8
47185,TN,White,12213,11020,1193,9.8,11391,10701,690,6.1,11742,11160,582,5
47187,TN,Williamson,99015,94106,4909,5,107362,103061,4301,4,113370,109513,3857,3.4
47189,TN,Wilson,60691,56806,3885,6.4,64490,61537,2953,4.6,67716,65120,2596,3.8
48001,TX,Anderson,22391,20974,1417,6.3,22863,21966,897,3.9,23520,22503,1017,4.3
48003,TX,Andrews,8544,8203,341,4,9308,8985,323,3.5,8694,8284,410,4.7
48005,TX,Angelina,37870,35257,2613,6.9,37424,35335,2089,5.6,37081,34894,2187,5.9
48007,TX,Aransas,9944,9251,693,7,10067,9558,509,5.1,10243,9671,572,5.6
48009,TX,Archer,4370,4131,239,5.5,4126,3944,182,4.4,4091,3914,177,4.3
48011,TX,Armstrong,1027,981,46,4.5,976,950,26,2.7,934,908,26,2.8
48013,TX,Atascosa,20072,18719,1353,6.7,20553,19576,977,4.8,21031,19909,1122,5.3
48015,TX,Austin,14093,13192,901,6.4,14052,13408,644,4.6,14036,13289,747,5.3
48017,TX,Bailey,3183,2963,220,6.9,2802,2682,120,4.3,2720,2601,119,4.4
48019,TX,Bandera,9128,8530,598,6.6,9185,8821,364,4,9508,9118,390,4.1
48021,TX,Bastrop,35304,32944,2360,6.7,37569,36113,1456,3.9,39048,37589,1459,3.7
48023,TX,Baylor,1866,1771,95,5.1,1628,1571,57,3.5,1606,1548,58,3.6
48025,TX,Bee,10853,10090,763,7,10389,9748,641,6.2,10314,9539,775,7.5
48027,TX,Bell,134133,124194,9939,7.4,136386,130045,6341,4.6,139567,133287,6280,4.5
48029,TX,Bexar,840497,787214,53283,6.3,879545,846082,33463,3.8,905907,872008,33899,3.7
48031,TX,Blanco,5493,5210,283,5.2,5772,5592,180,3.1,5937,5754,183,3.1
48033,TX,Borden,419,401,18,4.3,413,401,12,2.9,366,353,13,3.6
48035,TX,Bosque,8191,7599,592,7.2,8067,7705,362,4.5,8192,7840,352,4.3
48037,TX,Bowie,41556,38465,3091,7.4,39184,37305,1879,4.8,39644,37781,1863,4.7
48039,TX,Brazoria,161209,150457,10752,6.7,167189,159547,7642,4.6,169945,161140,8805,5.2
48041,TX,Brazos,99833,94566,5267,5.3,108693,105097,3596,3.3,111348,107501,3847,3.5
48043,TX,Brewster,4563,4331,232,5.1,3913,3759,154,3.9,3963,3814,149,3.8
48045,TX,Briscoe,643,608,35,5.4,595,572,23,3.9,548,524,24,4.4
48047,TX,Brooks,2721,2484,237,8.7,2604,2346,258,9.9,2440,2152,288,11.8
48049,TX,Brown,16071,14981,1090,6.8,15906,15220,686,4.3,16178,15476,702,4.3
48051,TX,Burleson,7666,7184,482,6.3,7764,7426,338,4.4,7879,7514,365,4.6
48053,TX,Burnet,20426,19209,1217,6,21193,20422,771,3.6,22006,21245,761,3.5
48055,TX,Caldwell,16844,15636,1208,7.2,17438,16683,755,4.3,17951,17175,776,4.3
48057,TX,Calhoun,10423,9658,765,7.3,11338,10886,452,4,10780,10179,601,5.6
48059,TX,Callahan,5933,5572,361,6.1,5736,5492,244,4.3,5808,5561,247,4.3
48061,TX,Cameron,166314,149171,17143,10.3,163203,151606,11597,7.1,166103,154196,11907,7.2
48063,TX,Camp,5505,5064,441,8,5097,4785,312,6.1,5064,4718,346,6.8
48065,TX,Carson,3291,3141,150,4.6,3070,2972,98,3.2,3099,2998,101,3.3
48067,TX,Cass,12827,11650,1177,9.2,12176,11351,825,6.8,12275,11393,882,7.2
48069,TX,Castro,4060,3882,178,4.4,3619,3497,122,3.4,3496,3389,107,3.1
48071,TX,Chambers,17150,15771,1379,8,17821,16872,949,5.3,18221,17113,1108,6.1
48073,TX,Cherokee,21979,20388,1591,7.2,20915,19836,1079,5.2,21208,20132,1076,5.1
48075,TX,Childress,2969,2838,131,4.4,2871,2782,89,3.1,2962,2873,89,3
48077,TX,Clay,5319,5021,298,5.6,4916,4701,215,4.4,4798,4588,210,4.4
48079,TX,Cochran,1447,1338,109,7.5,1318,1251,67,5.1,1174,1115,59,5
48081,TX,Coke,1473,1398,75,5.1,1400,1343,57,4.1,1422,1363,59,4.1
48083,TX,Coleman,3316,3067,249,7.5,3052,2883,169,5.5,3066,2888,178,5.8
48085,TX,Collin,446733,420419,26314,5.9,489029,471301,17728,3.6,513282,495148,18134,3.5
48087,TX,Collingsworth,1248,1186,62,5,1272,1225,47,3.7,1216,1174,42,3.5
48089,TX,Colorado,10184,9536,648,6.4,9914,9524,390,3.9,9798,9337,461,4.7
48091,TX,Comal,55918,52535,3383,6,61941,59671,2270,3.7,65525,63157,2368,3.6
48093,TX,Comanche,5790,5421,369,6.4,5363,5136,227,4.2,5361,5130,231,4.3
48095,TX,Concho,1512,1448,64,4.2,1375,1330,45,3.3,1332,1287,45,3.4
48097,TX,Cooke,20693,19653,1040,5,19784,19055,729,3.7,18924,18174,750,4
48099,TX,Coryell,25396,23528,1868,7.4,24524,23357,1167,4.8,24428,23289,1139,4.7
48101,TX,Cottle,666,616,50,7.5,546,507,39,7.1,525,498,27,5.1
48103,TX,Crane,2060,1960,100,4.9,1839,1733,106,5.8,1706,1560,146,8.6
48105,TX,Crockett,1774,1685,89,5,1903,1788,115,6,1737,1606,131,7.5
48107,TX,Crosby,2911,2702,209,7.2,2650,2535,115,4.3,2623,2508,115,4.4
48109,TX,Culberson,989,929,60,6.1,1041,998,43,4.1,1000,959,41,4.1
48111,TX,Dallam,4021,3873,148,3.7,4010,3923,87,2.2,4002,3913,89,2.2
48113,TX,Dallas,1223343,1136230,87113,7.1,1263778,1209785,53993,4.3,1299195,1247033,52162,4
48115,TX,Dawson,5080,4754,326,6.4,4776,4560,216,4.5,4643,4410,233,5
48117,TX,Deaf Smith,9325,8887,438,4.7,8802,8525,277,3.1,8614,8345,269,3.1
48119,TX,Delta,2625,2448,177,6.7,2595,2478,117,4.5,2608,2509,99,3.8
48121,TX,Denton,388543,366353,22190,5.7,428863,413638,15225,3.6,452182,436692,15490,3.4
48123,TX,DeWitt,9741,9275,466,4.8,10061,9661,400,4,9504,8985,519,5.5
48125,TX,Dickens,833,744,89,10.7,703,671,32,4.6,692,658,34,4.9
48127,TX,Dimmit,5764,5428,336,5.8,7167,6836,331,4.6,6241,5797,444,7.1
48129,TX,Donley,1710,1609,101,5.9,1594,1528,66,4.1,1557,1494,63,4
48131,TX,Duval,5431,5050,381,7,5242,4819,423,8.1,4886,4353,533,10.9
48133,TX,Eastland,8267,7716,551,6.7,8046,7665,381,4.7,7424,7020,404,5.4
48135,TX,Ector,77060,73523,3537,4.6,79838,76136,3702,4.6,76244,71401,4843,6.4
48137,TX,Edwards,926,867,59,6.4,866,826,40,4.6,867,827,40,4.6
48139,TX,Ellis,76794,71601,5193,6.8,81012,77828,3184,3.9,85030,81849,3181,3.7
48141,TX,El Paso,347513,317841,29672,8.5,341868,324220,17648,5.2,349941,332660,17281,4.9
48143,TX,Erath,20056,18941,1115,5.6,20177,19387,790,3.9,20241,19421,820,4.1
48145,TX,Falls,6917,6410,507,7.3,6459,6186,273,4.2,6613,6322,291,4.4
48147,TX,Fannin,15068,14004,1064,7.1,15388,14758,630,4.1,15774,15181,593,3.8
48149,TX,Fayette,12525,11919,606,4.8,12784,12361,423,3.3,12497,12041,456,3.6
48151,TX,Fisher,1908,1805,103,5.4,1802,1733,69,3.8,1759,1684,75,4.3
48153,TX,Floyd,3198,2992,206,6.4,2747,2595,152,5.5,2738,2600,138,5
48155,TX,Foard,622,586,36,5.8,551,529,22,4,540,520,20,3.7
48157,TX,Fort Bend,319114,300119,18995,6,356151,341000,15151,4.3,367057,348745,18312,5
48159,TX,Franklin,4630,4288,342,7.4,4560,4338,222,4.9,4511,4291,220,4.9
48161,TX,Freestone,8062,7519,543,6.7,7416,7015,401,5.4,6871,6413,458,6.7
48163,TX,Frio,8673,8236,437,5,9810,9435,375,3.8,8784,8357,427,4.9
48165,TX,Gaines,8785,8412,373,4.2,9412,9108,304,3.2,9187,8845,342,3.7
48167,TX,Galveston,153148,141451,11697,7.6,158064,150200,7864,5,160181,151651,8530,5.3
48169,TX,Garza,2196,2087,109,5,2132,2054,78,3.7,2131,2048,83,3.9
48171,TX,Gillespie,12331,11752,579,4.7,12654,12290,364,2.9,13002,12633,369,2.8
48173,TX,Glasscock,763,732,31,4.1,822,799,23,2.8,749,720,29,3.9
48175,TX,Goliad,3480,3289,191,5.5,3450,3297,153,4.4,3319,3127,192,5.8
48177,TX,Gonzales,9457,8977,480,5.1,9708,9352,356,3.7,9574,9169,405,4.2
48179,TX,Gray,9699,9155,544,5.6,9283,8762,521,5.6,8489,7905,584,6.9
48181,TX,Grayson,60023,55913,4110,6.8,60044,57627,2417,4,61234,58878,2356,3.8
48183,TX,Gregg,61643,57824,3819,6.2,59330,56394,2936,4.9,58384,54836,3548,6.1
48185,TX,Grimes,11814,11054,760,6.4,11521,10909,612,5.3,11057,10327,730,6.6
48187,TX,Guadalupe,68312,64435,3877,5.7,73001,70428,2573,3.5,76000,73276,2724,3.6
48189,TX,Hale,15861,14764,1097,6.9,12896,12079,817,6.3,12596,11889,707,5.6
48191,TX,Hall,1343,1239,104,7.7,1204,1140,64,5.3,1166,1088,78,6.7
48193,TX,Hamilton,3750,3532,218,5.8,3486,3324,162,4.6,3601,3425,176,4.9
48195,TX,Hansford,3055,2951,104,3.4,3114,3022,92,3,2947,2855,92,3.1
48197,TX,Hardeman,1763,1659,104,5.9,1622,1542,80,4.9,1625,1561,64,3.9
48199,TX,Hardin,25880,23700,2180,8.4,25010,23601,1409,5.6,25169,23640,1529,6.1
48201,TX,Harris,2156942,2013828,143114,6.6,2236170,2132542,103628,4.6,2251321,2131500,119821,5.3
48203,TX,Harrison,31972,29608,2364,7.4,31227,29600,1627,5.2,29961,28164,1797,6
48205,TX,Hartley,2903,2806,97,3.3,3006,2942,64,2.1,2961,2901,60,2
48207,TX,Haskell,2775,2627,148,5.3,2584,2494,90,3.5,2510,2404,106,4.2
48209,TX,Hays,85818,80810,5008,5.8,98543,95171,3372,3.4,104929,101434,3495,3.3
48211,TX,Hemphill,2547,2473,74,2.9,2303,2231,72,3.1,2116,2037,79,3.7
48213,TX,Henderson,34547,31932,2615,7.6,34395,32727,1668,4.8,35400,33747,1653,4.7
48215,TX,Hidalgo,328096,293300,34796,10.6,331132,304946,26186,7.9,337226,310913,26313,7.8
48217,TX,Hill,15805,14711,1094,6.9,15628,14919,709,4.5,15812,15117,695,4.4
48219,TX,Hockley,11790,11167,623,5.3,11728,11242,486,4.1,11176,10658,518,4.6
48221,TX,Hood,23783,22233,1550,6.5,24555,23450,1105,4.5,25278,24091,1187,4.7
48223,TX,Hopkins,17087,15981,1106,6.5,17027,16312,715,4.2,17332,16642,690,4
48225,TX,Houston,10081,9366,715,7.1,9946,9503,443,4.5,10068,9604,464,4.6
48227,TX,Howard,13403,12651,752,5.6,13366,12752,614,4.6,13218,12488,730,5.5
48229,TX,Hudspeth,1326,1227,99,7.5,1282,1210,72,5.6,1542,1450,92,6
48231,TX,Hunt,38424,35243,3181,8.3,38939,37101,1838,4.7,40534,38800,1734,4.3
48233,TX,Hutchinson,9828,9190,638,6.5,9805,9373,432,4.4,9639,9097,542,5.6
48235,TX,Irion,852,813,39,4.6,800,771,29,3.6,780,755,25,3.2
48237,TX,Jack,3804,3585,219,5.8,4082,3910,172,4.2,3856,3666,190,4.9
48239,TX,Jackson,7438,7057,381,5.1,7374,7098,276,3.7,7278,6938,340,4.7
48241,TX,Jasper,14917,13329,1588,10.6,13888,12852,1036,7.5,13471,12439,1032,7.7
48243,TX,Jeff Davis,1215,1156,59,4.9,1080,1045,35,3.2,1074,1042,32,3
48245,TX,Jefferson,113611,101055,12556,11.1,108046,100531,7515,7,107545,100017,7528,7
48247,TX,Jim Hogg,2351,2196,155,6.6,2029,1883,146,7.2,1945,1759,186,9.6
48249,TX,Jim Wells,20652,19378,1274,6.2,19234,17717,1517,7.9,17469,15628,1841,10.5
48251,TX,Johnson,73166,68305,4861,6.6,74349,71090,3259,4.4,76076,72766,3310,4.4
48253,TX,Jones,5905,5480,425,7.2,5674,5362,312,5.5,5627,5301,326,5.8
48255,TX,Karnes,5288,4966,322,6.1,6432,6160,272,4.2,6279,5973,306,4.9
48257,TX,Kaufman,51625,48037,3588,7,55106,52866,2240,4.1,57944,55752,2192,3.8
48259,TX,Kendall,17476,16531,945,5.4,19176,18548,628,3.3,20355,19705,650,3.2
48261,TX,Kenedy,254,241,13,5.1,283,274,9,3.2,218,208,10,4.6
48263,TX,Kent,553,531,22,4,498,485,13,2.6,470,456,14,3
48265,TX,Kerr,21698,20432,1266,5.8,21197,20419,778,3.7,21368,20601,767,3.6
48267,TX,Kimble,2189,2082,107,4.9,2002,1929,73,3.6,1953,1879,74,3.8
48269,TX,King,247,236,11,4.5,200,193,7,3.5,178,171,7,3.9
48271,TX,Kinney,1263,1152,111,8.8,1185,1110,75,6.3,1157,1090,67,5.8
48273,TX,Kleberg,15418,14358,1060,6.9,14408,13559,849,5.9,14115,13168,947,6.7
48275,TX,Knox,1817,1722,95,5.2,1683,1620,63,3.7,1560,1494,66,4.2
48277,TX,Lamar,22646,20561,2085,9.2,22201,21142,1059,4.8,23239,22165,1074,4.6
48279,TX,Lamb,6466,5951,515,8,5512,5021,491,8.9,5249,4909,340,6.5
48281,TX,Lampasas,9092,8445,647,7.1,9062,8665,397,4.4,9165,8785,380,4.1
48283,TX,La Salle,3670,3507,163,4.4,4272,4095,177,4.1,3888,3688,200,5.1
48285,TX,Lavaca,9482,9024,458,4.8,8812,8479,333,3.8,8745,8377,368,4.2
48287,TX,Lee,9138,8645,493,5.4,9309,8979,330,3.5,9288,8938,350,3.8
48289,TX,Leon,6955,6442,513,7.4,6938,6569,369,5.3,6513,6092,421,6.5
48291,TX,Liberty,30881,27924,2957,9.6,30972,28837,2135,6.9,31553,29181,2372,7.5
48293,TX,Limestone,9606,8945,661,6.9,8586,8156,430,5,8330,7864,466,5.6
48295,TX,Lipscomb,1758,1690,68,3.9,1725,1658,67,3.9,1652,1579,73,4.4
48297,TX,Live Oak,5768,5505,263,4.6,5894,5658,236,4,5206,4898,308,5.9
48299,TX,Llano,8067,7519,548,6.8,8156,7810,346,4.2,8296,7951,345,4.2
48301,TX,Loving,67,63,4,6,77,73,4,5.2,86,82,4,4.7
48303,TX,Lubbock,145628,137841,7787,5.3,149704,144618,5086,3.4,153638,148437,5201,3.4
48305,TX,Lynn,2953,2775,178,6,2765,2654,111,4,2731,2623,108,4
48307,TX,McCulloch,4402,4165,237,5.4,3926,3738,188,4.8,3711,3545,166,4.5
48309,TX,McLennan,112372,104910,7462,6.6,112660,108082,4578,4.1,116155,111567,4588,3.9
48311,TX,McMullen,745,727,18,2.4,970,950,20,2.1,862,844,18,2.1
48313,TX,Madison,4654,4325,329,7.1,5121,4901,220,4.3,4770,4528,242,5.1
48315,TX,Marion,4351,3954,397,9.1,4417,4131,286,6.5,4343,4039,304,7
48317,TX,Martin,2416,2307,109,4.5,2586,2495,91,3.5,2483,2374,109,4.4
48319,TX,Mason,1970,1867,103,5.2,1805,1736,69,3.8,1792,1727,65,3.6
48321,TX,Matagorda,17106,15374,1732,10.1,17190,16033,1157,6.7,16890,15656,1234,7.3
48323,TX,Maverick,23373,20445,2928,12.5,23659,21143,2516,10.6,24244,21523,2721,11.2
48325,TX,Medina,20208,18884,1324,6.6,20439,19547,892,4.4,21000,20077,923,4.4
48327,TX,Menard,972,911,61,6.3,858,813,45,5.2,817,781,36,4.4
48329,TX,Midland,82219,79026,3193,3.9,88454,85397,3057,3.5,85085,81341,3744,4.4
48331,TX,Milam,10280,9398,882,8.6,10128,9599,529,5.2,10272,9743,529,5.1
48333,TX,Mills,2101,1987,114,5.4,1992,1919,73,3.7,1925,1845,80,4.2
48335,TX,Mitchell,2878,2706,172,6,2746,2592,154,5.6,2610,2427,183,7
48337,TX,Montague,9852,9319,533,5.4,9711,9300,411,4.2,9036,8589,447,4.9
48339,TX,Montgomery,239219,225006,14213,5.9,258423,247470,10953,4.2,266006,252985,13021,4.9
48341,TX,Moore,11589,11088,501,4.3,11120,10774,346,3.1,11198,10866,332,3
48343,TX,Morris,5837,5268,569,9.7,5318,4851,467,8.8,4895,4360,535,10.9
48345,TX,Motley,522,491,31,5.9,492,475,17,3.5,508,490,18,3.5
48347,TX,Nacogdoches,29573,27609,1964,6.6,28152,26833,1319,4.7,28723,27380,1343,4.7
48349,TX,Navarro,23250,21561,1689,7.3,22906,21944,962,4.2,22778,21826,952,4.2
48351,TX,Newton,5805,5163,642,11.1,5371,4968,403,7.5,5355,4931,424,7.9
48353,TX,Nolan,7092,6672,420,5.9,6918,6639,279,4,6867,6538,329,4.8
48355,TX,Nueces,167030,156062,10968,6.6,165947,157759,8188,4.9,167828,158383,9445,5.6
48357,TX,Ochiltree,5320,5115,205,3.9,5276,5052,224,4.2,4664,4420,244,5.2
48359,TX,Oldham,951,910,41,4.3,915,888,27,3,909,882,27,3
48361,TX,Orange,38882,34818,4064,10.5,37212,34784,2428,6.5,37367,34865,2502,6.7
48363,TX,Palo Pinto,13418,12514,904,6.7,13177,12492,685,5.2,13257,12533,724,5.5
48365,TX,Panola,12322,11477,845,6.9,11579,10975,604,5.2,10234,9501,733,7.2
48367,TX,Parker,57922,54485,3437,5.9,59614,57142,2472,4.1,61299,58809,2490,4.1
48369,TX,Parmer,5006,4800,206,4.1,4972,4855,117,2.4,4950,4826,124,2.5
48371,TX,Pecos,6993,6635,358,5.1,6871,6517,354,5.2,6498,6117,381,5.9
48373,TX,Polk,17542,16136,1406,8,17053,16022,1031,6,17388,16290,1098,6.3
48375,TX,Potter,58335,55218,3117,5.3,56299,54427,1872,3.3,56183,54304,1879,3.3
48377,TX,Presidio,3827,3319,508,13.3,3117,2786,331,10.6,3080,2751,329,10.7
48379,TX,Rains,5232,4866,366,7,5415,5169,246,4.5,5557,5334,223,4
48381,TX,Randall,68125,65112,3013,4.4,69146,67147,1999,2.9,70691,68607,2084,2.9
48383,TX,Reagan,2078,2007,71,3.4,1931,1843,88,4.6,1702,1597,105,6.2
48385,TX,Real,1067,967,100,9.4,1064,1010,54,5.1,1041,982,59,5.7
48387,TX,Red River,5263,4700,563,10.7,4913,4604,309,6.3,5035,4744,291,5.8
48389,TX,Reeves,5345,4984,361,6.8,5683,5411,272,4.8,6036,5716,320,5.3
48391,TX,Refugio,3509,3298,211,6,3309,3133,176,5.3,3138,2930,208,6.6
48393,TX,Roberts,472,448,24,5.1,456,438,18,3.9,442,422,20,4.5
48395,TX,Robertson,7290,6704,586,8,7253,6908,345,4.8,7259,6892,367,5.1
48397,TX,Rockwall,41195,38649,2546,6.2,44934,43251,1683,3.7,47370,45712,1658,3.5
48399,TX,Runnels,5061,4781,280,5.5,4674,4501,173,3.7,4650,4466,184,4
48401,TX,Rusk,24590,23046,1544,6.3,22862,21776,1086,4.8,22384,21080,1304,5.8
48403,TX,Sabine,3388,2895,493,14.6,3505,3179,326,9.3,3484,3158,326,9.4
48405,TX,San Augustine,3027,2660,367,12.1,2800,2547,253,9,2804,2554,250,8.9
48407,TX,San Jacinto,11474,10529,945,8.2,11299,10666,633,5.6,11431,10715,716,6.3
48409,TX,San Patricio,30435,28129,2306,7.6,30255,28287,1968,6.5,30623,28340,2283,7.5
48411,TX,San Saba,2295,2152,143,6.2,2247,2165,82,3.6,2449,2366,83,3.4
48413,TX,Schleicher,1781,1710,71,4,1502,1423,79,5.3,1421,1347,74,5.2
48415,TX,Scurry,8118,7755,363,4.5,8174,7836,338,4.1,7411,6975,436,5.9
48417,TX,Shackelford,2214,2136,78,3.5,2084,2025,59,2.8,1878,1806,72,3.8
48419,TX,Shelby,12126,11246,880,7.3,11387,10789,598,5.3,10959,10302,657,6
48421,TX,Sherman,1504,1441,63,4.2,1422,1383,39,2.7,1350,1311,39,2.9
48423,TX,Smith,101770,94614,7156,7,103817,99181,4636,4.5,105490,100724,4766,4.5
48425,TX,Somervell,4143,3869,274,6.6,4113,3907,206,5,4134,3935,199,4.8
48427,TX,Starr,26036,22252,3784,14.5,25897,22413,3484,13.5,26358,22841,3517,13.3
48429,TX,Stephens,4384,4124,260,5.9,4110,3938,172,4.2,4019,3807,212,5.3
48431,TX,Sterling,720,695,25,3.5,747,722,25,3.3,670,644,26,3.9
48433,TX,Stonewall,748,715,33,4.4,663,634,29,4.4,640,612,28,4.4
48435,TX,Sutton,2012,1917,95,4.7,1720,1616,104,6,1592,1465,127,8
48437,TX,Swisher,3050,2869,181,5.9,2734,2604,130,4.8,2717,2601,116,4.3
48439,TX,Tarrant,966259,903315,62944,6.5,992292,951071,41221,4.2,1011580,971375,40205,4
48441,TX,Taylor,64485,60834,3651,5.7,63404,61082,2322,3.7,63326,60960,2366,3.7
48443,TX,Terrell,549,523,26,4.7,435,414,21,4.8,406,390,16,3.9
48445,TX,Terry,5666,5295,371,6.5,5408,5155,253,4.7,5352,5097,255,4.8
48447,TX,Throckmorton,830,786,44,5.3,781,756,25,3.2,743,717,26,3.5
48449,TX,Titus,13267,12272,995,7.5,12745,12012,733,5.8,12883,12090,793,6.2
48451,TX,Tom Green,53790,50921,2869,5.3,54592,52356,2236,4.1,54275,51847,2428,4.5
48453,TX,Travis,612264,578608,33656,5.5,656233,634743,21490,3.3,678536,656988,21548,3.2
48455,TX,Trinity,5574,5118,456,8.2,5486,5163,323,5.9,5484,5151,333,6.1
48457,TX,Tyler,7580,6770,810,10.7,7373,6857,516,7,7216,6690,526,7.3
48459,TX,Upshur,18727,17465,1262,6.7,17990,17047,943,5.2,17903,16757,1146,6.4
48461,TX,Upton,1591,1527,64,4,1786,1716,70,3.9,1582,1498,84,5.3
48463,TX,Uvalde,11952,11004,948,7.9,11691,11102,589,5,11813,11186,627,5.3
48465,TX,Val Verde,20013,18489,1524,7.6,19586,18413,1173,6,20147,18890,1257,6.2
48467,TX,Van Zandt,23620,21982,1638,6.9,24230,23143,1087,4.5,24865,23796,1069,4.3
48469,TX,Victoria,45250,42723,2527,5.6,45369,43473,1896,4.2,43733,41364,2369,5.4
48471,TX,Walker,23153,21545,1608,6.9,22995,21835,1160,5,23797,22551,1246,5.2
48473,TX,Waller,20499,19065,1434,7,21678,20639,1039,4.8,22180,20943,1237,5.6
48475,TX,Ward,5356,5098,258,4.8,5917,5664,253,4.3,5397,5090,307,5.7
48477,TX,Washington,15646,14766,880,5.6,15372,14641,731,4.8,15089,14323,766,5.1
48479,TX,Webb,109145,102072,7073,6.5,111872,106590,5282,4.7,113892,108333,5559,4.9
48481,TX,Wharton,21437,19987,1450,6.8,21247,20311,936,4.4,21081,20022,1059,5
48483,TX,Wheeler,2895,2769,126,4.4,2823,2714,109,3.9,2483,2366,117,4.7
48485,TX,Wichita,58468,54914,3554,6.1,55370,53001,2369,4.3,55491,53081,2410,4.3
48487,TX,Wilbarger,5924,5568,356,6,5114,4867,247,4.8,5050,4813,237,4.7
48489,TX,Willacy,7428,6254,1174,15.8,6751,5872,879,13,6504,5708,796,12.2
48491,TX,Williamson,237421,223585,13836,5.8,264219,255111,9108,3.4,278740,269396,9344,3.4
48493,TX,Wilson,21732,20528,1204,5.5,22992,22121,871,3.8,23761,22834,927,3.9
48495,TX,Winkler,3186,3006,180,5.6,3106,2929,177,5.7,3071,2834,237,7.7
48497,TX,Wise,28255,26432,1823,6.5,28696,27368,1328,4.6,29439,28049,1390,4.7
48499,TX,Wood,16735,15420,1315,7.9,16774,15886,888,5.3,17249,16342,907,5.3
48501,TX,Yoakum,4336,4162,174,4,4049,3897,152,3.8,3761,3582,179,4.8
48503,TX,Young,8570,8081,489,5.7,8476,8115,361,4.3,8312,7948,364,4.4
48505,TX,Zapata,6819,6387,432,6.3,6196,5723,473,7.6,5209,4649,560,10.8
48507,TX,Zavala,4390,3797,593,13.5,3809,3384,425,11.2,3887,3348,539,13.9
49001,UT,Beaver,2902,2725,177,6.1,3116,2998,118,3.8,3078,2926,152,4.9
49003,UT,Box Elder,22948,21626,1322,5.8,23973,23087,886,3.7,24696,23835,861,3.5
49005,UT,Cache,56972,54422,2550,4.5,60031,58190,1841,3.1,61265,59396,1869,3.1
49007,UT,Carbon,9263,8610,653,7,8709,8213,496,5.7,8338,7843,495,5.9
49009,UT,Daggett,436,414,22,5,467,445,22,4.7,464,440,24,5.2
49011,UT,Davis,148630,141372,7258,4.9,159937,154526,5411,3.4,164429,159244,5185,3.2
49013,UT,Duchesne,9150,8720,430,4.7,8807,8143,664,7.5,8116,7396,720,8.9
49015,UT,Emery,4746,4405,341,7.2,4402,4135,267,6.1,4266,4000,266,6.2
49017,UT,Garfield,2857,2586,271,9.5,2755,2509,246,8.9,2796,2562,234,8.4
49019,UT,Grand,5409,4954,455,8.4,5609,5269,340,6.1,5729,5393,336,5.9
49021,UT,Iron,19470,18140,1330,6.8,20328,19424,904,4.4,21478,20543,935,4.4
49023,UT,Juab,4625,4343,282,6.1,4937,4741,196,4,5221,5031,190,3.6
49025,UT,Kane,3462,3232,230,6.6,3624,3464,160,4.4,3695,3554,141,3.8
49027,UT,Millard,5938,5661,277,4.7,6124,5909,215,3.5,6215,6008,207,3.3
49029,UT,Morgan,4333,4120,213,4.9,4927,4773,154,3.1,5145,4992,153,3
49031,UT,Piute,492,451,41,8.3,465,435,30,6.5,458,431,27,5.9
49033,UT,Rich,946,896,50,5.3,1045,1007,38,3.6,1096,1061,35,3.2
49035,UT,Salt Lake,556484,527250,29234,5.3,585345,565532,19813,3.4,601889,582791,19098,3.2
49037,UT,San Juan,5695,5193,502,8.8,5716,5265,451,7.9,5745,5281,464,8.1
49039,UT,Sanpete,11253,10532,721,6.4,11416,10944,472,4.1,11804,11335,469,4
49041,UT,Sevier,9421,8844,577,6.1,9509,9085,424,4.5,9593,9173,420,4.4
49043,UT,Summit,21523,20463,1060,4.9,23065,22302,763,3.3,23885,23134,751,3.1
49045,UT,Tooele,27746,26087,1659,6,29529,28306,1223,4.1,30841,29672,1169,3.8
49047,UT,Uintah,15981,15271,710,4.4,15303,14261,1042,6.8,14138,12821,1317,9.3
49049,UT,Utah,238745,226892,11853,5,266005,257332,8673,3.3,279061,270441,8620,3.1
49051,UT,Wasatch,11651,10981,670,5.8,13256,12790,466,3.5,13909,13439,470,3.4
49053,UT,Washington,57216,53281,3935,6.9,63647,61050,2597,4.1,67287,64776,2511,3.7
49055,UT,Wayne,1355,1209,146,10.8,1413,1285,128,9.1,1428,1316,112,7.8
49057,UT,Weber,113321,106127,7194,6.3,117200,112397,4803,4.1,120177,115566,4611,3.8
50001,VT,Addison,20868,19926,942,4.5,20688,19973,715,3.5,20858,20238,620,3
50003,VT,Bennington,19663,18506,1157,5.9,18570,17791,779,4.2,18451,17756,695,3.8
50005,VT,Caledonia,16137,15130,1007,6.2,15077,14377,700,4.6,14907,14285,622,4.2
50007,VT,Chittenden,95835,92217,3618,3.8,94840,92270,2570,2.7,95242,92859,2383,2.5
50009,VT,Essex,2933,2697,236,8,2756,2597,159,5.8,2701,2566,135,5
5001,AR,Arkansas,9913,9044,869,8.8,9483,9087,396,4.2,9267,8952,315,3.4
50011,VT,Franklin,27854,26607,1247,4.5,27290,26320,970,3.6,27364,26513,851,3.1
50013,VT,Grand Isle,4132,3909,223,5.4,3935,3778,157,4,3977,3828,149,3.7
50015,VT,Lamoille,14041,13148,893,6.4,13773,13136,637,4.6,13926,13334,592,4.3
50017,VT,Orange,16450,15676,774,4.7,15890,15346,544,3.4,15902,15407,495,3.1
50019,VT,Orleans,14120,13028,1092,7.7,13589,12834,755,5.6,13541,12829,712,5.3
50021,VT,Rutland,32799,30755,2044,6.2,31264,29939,1325,4.2,31467,30278,1189,3.8
50023,VT,Washington,34630,32998,1632,4.7,34050,32865,1185,3.5,33910,32827,1083,3.2
50025,VT,Windham,24668,23393,1275,5.2,23449,22615,834,3.6,23225,22451,774,3.3
50027,VT,Windsor,30725,29295,1430,4.7,29458,28514,944,3.2,29337,28475,862,2.9
5003,AR,Ashley,9298,8158,1140,12.3,8142,7511,631,7.7,7735,7249,486,6.3
5005,AR,Baxter,16373,14994,1379,8.4,16211,15322,889,5.5,16098,15408,690,4.3
5007,AR,Benton,110768,104109,6659,6,121772,117188,4584,3.8,127925,124210,3715,2.9
5009,AR,Boone,16523,15264,1259,7.6,15834,15064,770,4.9,15930,15346,584,3.7
5011,AR,Bradley,4371,3886,485,11.1,4381,4115,266,6.1,4292,4067,225,5.2
5013,AR,Calhoun,2511,2282,229,9.1,2406,2276,130,5.4,2377,2268,109,4.6
5015,AR,Carroll,12479,11690,789,6.3,12652,12074,578,4.6,12871,12414,457,3.6
5017,AR,Chicot,4062,3600,462,11.4,3724,3386,338,9.1,3582,3347,235,6.6
5019,AR,Clark,10140,9118,1022,10.1,9448,8924,524,5.5,9384,8970,414,4.4
5021,AR,Clay,6869,6115,754,11,6294,5879,415,6.6,6037,5697,340,5.6
5023,AR,Cleburne,10390,9504,886,8.5,9606,8940,666,6.9,9474,8912,562,5.9
5025,AR,Cleveland,3751,3475,276,7.4,3356,3167,189,5.6,3343,3193,150,4.5
5027,AR,Columbia,10115,9205,910,9,9533,8910,623,6.5,9267,8738,529,5.7
5029,AR,Conway,8704,7902,802,9.2,8635,8109,526,6.1,8444,7962,482,5.7
5031,AR,Craighead,49059,45688,3371,6.9,50977,48721,2256,4.4,52230,50539,1691,3.2
5033,AR,Crawford,27610,25412,2198,8,26840,25448,1392,5.2,26949,25902,1047,3.9
5035,AR,Crittenden,22103,19987,2116,9.6,21410,20092,1318,6.2,21608,20634,974,4.5
5037,AR,Cross,8531,7854,677,7.9,8097,7659,438,5.4,7882,7534,348,4.4
5039,AR,Dallas,3182,2815,367,11.5,2871,2664,207,7.2,2884,2739,145,5
5041,AR,Desha,5930,5343,587,9.9,5543,5139,404,7.3,5441,5145,296,5.4
5043,AR,Drew,8369,7477,892,10.7,7924,7371,553,7,7809,7357,452,5.8
5045,AR,Faulkner,59723,55766,3957,6.6,59881,57095,2786,4.7,60553,58259,2294,3.8
5047,AR,Franklin,7669,7125,544,7.1,7409,7043,366,4.9,7362,7066,296,4
5049,AR,Fulton,5110,4743,367,7.2,4756,4509,247,5.2,4666,4464,202,4.3
5051,AR,Garland,41203,37949,3254,7.9,39930,37750,2180,5.5,40084,38363,1721,4.3
5053,AR,Grant,8425,7852,573,6.8,8255,7880,375,4.5,8275,7977,298,3.6
5055,AR,Greene,20006,18275,1731,8.7,19941,18908,1033,5.2,19799,18953,846,4.3
5057,AR,Hempstead,10851,10060,791,7.3,9851,9364,487,4.9,9928,9554,374,3.8
5059,AR,Hot Spring,14485,13441,1044,7.2,14152,13438,714,5,14069,13516,553,3.9
5061,AR,Howard,6434,6003,431,6.7,6055,5799,256,4.2,5950,5755,195,3.3
5063,AR,Independence,16041,14563,1478,9.2,15660,14649,1011,6.5,16006,15215,791,4.9
5065,AR,Izard,5163,4709,454,8.8,4976,4648,328,6.6,4964,4686,278,5.6
5067,AR,Jackson,6470,5774,696,10.8,6185,5720,465,7.5,6057,5680,377,6.2
5069,AR,Jefferson,32469,29222,3247,10,28758,26731,2027,7,28323,26739,1584,5.6
5071,AR,Johnson,10807,10011,796,7.4,10393,9796,597,5.7,10526,10028,498,4.7
5073,AR,Lafayette,2886,2612,274,9.5,2616,2417,199,7.6,2547,2397,150,5.9
5075,AR,Lawrence,7235,6576,659,9.1,7043,6620,423,6,6917,6618,299,4.3
5077,AR,Lee,3521,3187,334,9.5,3179,2967,212,6.7,3091,2946,145,4.7
5079,AR,Lincoln,4586,4185,401,8.7,4124,3871,253,6.1,4095,3898,197,4.8
5081,AR,Little River,5979,5543,436,7.3,5592,5287,305,5.5,5592,5331,261,4.7
5083,AR,Logan,9627,8858,769,8,9157,8631,526,5.7,9121,8703,418,4.6
5085,AR,Lonoke,33083,30982,2101,6.4,32983,31602,1381,4.2,33387,32279,1108,3.3
5087,AR,Madison,6971,6563,408,5.9,7080,6807,273,3.9,7286,7053,233,3.2
5089,AR,Marion,6608,6065,543,8.2,6522,6184,338,5.2,6521,6261,260,4
5091,AR,Miller,20260,19055,1205,5.9,19902,18907,995,5,19869,19038,831,4.2
5093,AR,Mississippi,20267,18046,2221,11,18364,16712,1652,9,18066,16844,1222,6.8
5095,AR,Monroe,3270,2974,296,9.1,2972,2792,180,6.1,2879,2741,138,4.8
5097,AR,Montgomery,3586,3282,304,8.5,3225,3006,219,6.8,3100,2939,161,5.2
5099,AR,Nevada,4129,3808,321,7.8,3631,3450,181,5,3616,3482,134,3.7
51001,VA,Accomack,16419,15126,1293,7.9,15874,15009,865,5.4,15781,15002,779,4.9
51003,VA,Albemarle,52640,49887,2753,5.2,53903,51800,2103,3.9,54377,52428,1949,3.6
51005,VA,Alleghany,7802,7249,553,7.1,7046,6690,356,5.1,6924,6568,356,5.1
51007,VA,Amelia,6219,5813,406,6.5,6188,5912,276,4.5,6190,5924,266,4.3
51009,VA,Amherst,16069,14993,1076,6.7,15276,14547,729,4.8,14970,14308,662,4.4
5101,AR,Newton,3628,3362,266,7.3,3392,3228,164,4.8,3411,3280,131,3.8
51011,VA,Appomattox,7222,6685,537,7.4,7037,6693,344,4.9,6988,6658,330,4.7
51013,VA,Arlington,144012,139012,5000,3.5,144256,140195,4061,2.8,146165,142305,3860,2.6
51015,VA,Augusta,37041,34897,2144,5.8,36634,35133,1501,4.1,36792,35432,1360,3.7
51017,VA,Bath,2587,2436,151,5.8,2536,2433,103,4.1,2491,2398,93,3.7
51019,VA,Bedford,38326,36038,2288,6,38220,36525,1695,4.4,37910,36346,1564,4.1
51021,VA,Bland,2876,2674,202,7,2780,2622,158,5.7,2736,2591,145,5.3
51023,VA,Botetourt,17727,16756,971,5.5,17384,16656,728,4.2,17325,16690,635,3.7
51025,VA,Brunswick,6732,6052,680,10.1,6331,5900,431,6.8,6202,5830,372,6
51027,VA,Buchanan,8589,7807,782,9.1,7275,6486,789,10.8,6853,6112,741,10.8
51029,VA,Buckingham,6474,5922,552,8.5,6292,5919,373,5.9,6258,5916,342,5.5
5103,AR,Ouachita,10498,9395,1103,10.5,9877,9251,626,6.3,9816,9320,496,5.1
51031,VA,Campbell,27088,25336,1752,6.5,26218,24978,1240,4.7,25904,24744,1160,4.5
51033,VA,Caroline,14504,13373,1131,7.8,14729,13979,750,5.1,14838,14169,669,4.5
51035,VA,Carroll,13494,12343,1151,8.5,13046,12349,697,5.3,12945,12273,672,5.2
51036,VA,Charles City,3854,3552,302,7.8,3716,3518,198,5.3,3715,3544,171,4.6
51037,VA,Charlotte,5365,4898,467,8.7,5248,4950,298,5.7,5246,4980,266,5.1
51041,VA,Chesterfield,172990,162433,10557,6.1,177917,170258,7659,4.3,180468,173432,7036,3.9
51043,VA,Clarke,7737,7332,405,5.2,7429,7133,296,4,7424,7156,268,3.6
51045,VA,Craig,2465,2292,173,7,2380,2249,131,5.5,2347,2234,113,4.8
51047,VA,Culpeper,23362,22034,1328,5.7,23098,22094,1004,4.3,23415,22498,917,3.9
51049,VA,Cumberland,4528,4205,323,7.1,4554,4320,234,5.1,4597,4383,214,4.7
5105,AR,Perry,4416,4015,401,9.1,4199,3942,257,6.1,4167,3968,199,4.8
51051,VA,Dickenson,5217,4661,556,10.7,4911,4415,496,10.1,4570,4112,458,10
51053,VA,Dinwiddie,13637,12603,1034,7.6,13308,12587,721,5.4,13427,12766,661,4.9
51057,VA,Essex,5742,5321,421,7.3,5510,5213,297,5.4,5517,5247,270,4.9
51059,VA,Fairfax,623843,595687,28156,4.5,613502,591608,21894,3.6,615850,595783,20067,3.3
51061,VA,Fauquier,36022,34169,1853,5.1,35719,34310,1409,3.9,35872,34611,1261,3.5
51063,VA,Floyd,8378,7903,475,5.7,8291,7961,330,4,8178,7842,336,4.1
51065,VA,Fluvanna,13178,12486,692,5.3,13157,12662,495,3.8,13162,12715,447,3.4
51067,VA,Franklin,27427,25623,1804,6.6,26439,25205,1234,4.7,26331,25190,1141,4.3
51069,VA,Frederick,43479,40967,2512,5.8,44603,42834,1769,4,45273,43673,1600,3.5
5107,AR,Phillips,7970,7048,922,11.6,6992,6462,530,7.6,6657,6265,392,5.9
51071,VA,Giles,8242,7643,599,7.3,7941,7530,411,5.2,7931,7501,430,5.4
51073,VA,Gloucester,19375,18282,1093,5.6,19086,18309,777,4.1,19063,18359,704,3.7
51075,VA,Goochland,10281,9707,574,5.6,10614,10170,444,4.2,10814,10402,412,3.8
51077,VA,Grayson,7000,6330,670,9.6,7043,6627,416,5.9,7013,6651,362,5.2
51079,VA,Greene,9800,9256,544,5.6,9845,9479,366,3.7,9917,9589,328,3.3
51081,VA,Greensville,4468,4083,385,8.6,4170,3946,224,5.4,4202,3987,215,5.1
51083,VA,Halifax,16051,14528,1523,9.5,15196,14230,966,6.4,14846,13971,875,5.9
51085,VA,Hanover,55152,52111,3041,5.5,56222,54043,2179,3.9,57089,55067,2022,3.5
51087,VA,Henrico,172595,162158,10437,6,176881,169285,7596,4.3,178588,171556,7032,3.9
51089,VA,Henry,22753,20351,2402,10.6,22348,20916,1432,6.4,22113,20865,1248,5.6
5109,AR,Pike,4366,3969,397,9.1,4166,3920,246,5.9,4170,3991,179,4.3
51091,VA,Highland,1461,1390,71,4.9,1339,1292,47,3.5,1305,1264,41,3.1
51093,VA,Isle of Wight,18766,17578,1188,6.3,18797,17938,859,4.6,18904,18081,823,4.4
51095,VA,James City,32988,31101,1887,5.7,34284,32800,1484,4.3,34812,33450,1362,3.9
51097,VA,King and Queen,3673,3430,243,6.6,3630,3455,175,4.8,3655,3501,154,4.2
51099,VA,King George,11735,10974,761,6.5,12051,11477,574,4.8,12302,11771,531,4.3
51101,VA,King William,8686,8137,549,6.3,8702,8335,367,4.2,8737,8402,335,3.8
51103,VA,Lancaster,5522,5082,440,8,5128,4790,338,6.6,5103,4813,290,5.7
51105,VA,Lee,9794,8985,809,8.3,8570,7951,619,7.2,8434,7855,579,6.9
51107,VA,Loudoun,186073,177798,8275,4.4,200016,192887,7129,3.6,206982,200302,6680,3.2
51109,VA,Louisa,17965,16845,1120,6.2,18786,17990,796,4.2,18542,17826,716,3.9
5111,AR,Poinsett,10387,9486,901,8.7,10059,9497,562,5.6,10091,9661,430,4.3
51111,VA,Lunenburg,5385,4978,407,7.6,5284,5014,270,5.1,5245,5001,244,4.7
51113,VA,Madison,7261,6912,349,4.8,7223,6977,246,3.4,7162,6936,226,3.2
51115,VA,Mathews,4176,3938,238,5.7,4073,3901,172,4.2,4033,3870,163,4
51117,VA,Mecklenburg,13540,12263,1277,9.4,12512,11746,766,6.1,12445,11738,707,5.7
51119,VA,Middlesex,5136,4824,312,6.1,4979,4768,211,4.2,5020,4826,194,3.9
51121,VA,Montgomery,49165,46242,2923,5.9,49712,47565,2147,4.3,49659,47584,2075,4.2
51125,VA,Nelson,7465,7030,435,5.8,7265,6969,296,4.1,7225,6962,263,3.6
51127,VA,New Kent,10615,10023,592,5.6,11211,10783,428,3.8,11655,11256,399,3.4
5113,AR,Polk,8701,8054,647,7.4,8291,7811,480,5.8,8150,7752,398,4.9
51131,VA,Northampton,6198,5624,574,9.3,6097,5724,373,6.1,5869,5525,344,5.9
51133,VA,Northumberland,5893,5412,481,8.2,5463,5129,334,6.1,5442,5142,300,5.5
51135,VA,Nottoway,6879,6441,438,6.4,7128,6805,323,4.5,7025,6742,283,4
51137,VA,Orange,15878,14817,1061,6.7,16050,15313,737,4.6,16340,15669,671,4.1
51139,VA,Page,12202,10957,1245,10.2,11639,10838,801,6.9,11579,10929,650,5.6
51141,VA,Patrick,7985,7256,729,9.1,7637,7223,414,5.4,7942,7553,389,4.9
51143,VA,Pittsylvania,30740,28350,2390,7.8,30063,28467,1596,5.3,29658,28234,1424,4.8
51145,VA,Powhatan,13559,12794,765,5.6,13385,12852,533,4,13617,13129,488,3.6
51147,VA,Prince Edward,10285,9411,874,8.5,10055,9426,629,6.3,10141,9595,546,5.4
51149,VA,Prince George,14664,13577,1087,7.4,14869,14065,804,5.4,14911,14179,732,4.9
5115,AR,Pope,29999,27815,2184,7.3,29663,28096,1567,5.3,29216,27874,1342,4.6
51153,VA,Prince William,228830,216748,12082,5.3,231306,221747,9559,4.1,234613,225972,8641,3.7
51155,VA,Pulaski,16887,15631,1256,7.4,16306,15481,825,5.1,16250,15272,978,6
51157,VA,Rappahannock,3963,3748,215,5.4,3733,3578,155,4.2,3706,3574,132,3.6
51159,VA,Richmond,3926,3675,251,6.4,3899,3721,178,4.6,3903,3757,146,3.7
51161,VA,Roanoke,49569,46975,2594,5.2,49061,47135,1926,3.9,49064,47292,1772,3.6
51163,VA,Rockbridge,10768,10112,656,6.1,10319,9834,485,4.7,10447,9986,461,4.4
51165,VA,Rockingham,40874,38557,2317,5.7,40101,38451,1650,4.1,40499,39061,1438,3.6
51167,VA,Russell,11782,10762,1020,8.7,11420,10671,749,6.6,11230,10497,733,6.5
51169,VA,Scott,10087,9326,761,7.5,9498,9008,490,5.2,9412,8947,465,4.9
5117,AR,Prairie,3825,3536,289,7.6,3726,3551,175,4.7,3650,3511,139,3.8
51171,VA,Shenandoah,20834,19508,1326,6.4,21030,20132,898,4.3,20798,20007,791,3.8
51173,VA,Smyth,13516,12221,1295,9.6,13457,12580,877,6.5,13659,12859,800,5.9
51175,VA,Southampton,9494,8898,596,6.3,9195,8826,369,4,9023,8665,358,4
51177,VA,Spotsylvania,64141,60232,3909,6.1,63787,60830,2957,4.6,64850,62172,2678,4.1
51179,VA,Stafford,65515,61724,3791,5.8,66635,63664,2971,4.5,68194,65495,2699,4
51181,VA,Surry,3690,3402,288,7.8,3715,3527,188,5.1,3652,3458,194,5.3
51183,VA,Sussex,4277,3861,416,9.7,4072,3793,279,6.9,3943,3693,250,6.3
51185,VA,Tazewell,17974,16489,1485,8.3,16608,15379,1229,7.4,15937,14730,1207,7.6
51187,VA,Warren,20060,18716,1344,6.7,19614,18681,933,4.8,19671,18867,804,4.1
5119,AR,Pulaski,188484,175552,12932,6.9,185974,177479,8495,4.6,187109,180487,6622,3.5
51191,VA,Washington,27772,25902,1870,6.7,26973,25679,1294,4.8,26810,25588,1222,4.6
51193,VA,Westmoreland,9152,8487,665,7.3,8918,8437,481,5.4,8966,8551,415,4.6
51195,VA,Wise,16013,14583,1430,8.9,13780,12639,1141,8.3,13191,12062,1129,8.6
51197,VA,Wythe,14125,13031,1094,7.7,13638,12898,740,5.4,13641,12855,786,5.8
51199,VA,York,31718,29883,1835,5.8,31985,30613,1372,4.3,32065,30807,1258,3.9
5121,AR,Randolph,6867,6124,743,10.8,6181,5739,442,7.2,6521,6221,300,4.6
5123,AR,St. Francis,9498,8471,1027,10.8,8944,8298,646,7.2,8829,8371,458,5.2
5125,AR,Saline,54388,51067,3321,6.1,55967,53688,2279,4.1,56860,55089,1771,3.1
5127,AR,Scott,4647,4335,312,6.7,4484,4269,215,4.8,4420,4256,164,3.7
5129,AR,Searcy,3219,2955,264,8.2,3026,2855,171,5.7,2989,2853,136,4.6
5131,AR,Sebastian,59025,54392,4633,7.8,57705,54934,2771,4.8,57601,55461,2140,3.7
5133,AR,Sevier,6131,5593,538,8.8,5600,5258,342,6.1,5627,5352,275,4.9
5135,AR,Sharp,6105,5486,619,10.1,6002,5588,414,6.9,6050,5722,328,5.4
5137,AR,Stone,5052,4636,416,8.2,4703,4409,294,6.3,4740,4497,243,5.1
5139,AR,Union,16755,15211,1544,9.2,16863,15829,1034,6.1,16312,15421,891,5.5
5141,AR,Van Buren,6604,5935,669,10.1,6424,5993,431,6.7,6101,5682,419,6.9
5143,AR,Washington,105383,99464,5919,5.6,115183,111119,4064,3.5,118386,115134,3252,2.7
5145,AR,White,36246,33396,2850,7.9,34519,32375,2144,6.2,34022,32258,1764,5.2
5147,AR,Woodruff,3383,3038,345,10.2,3030,2836,194,6.4,2968,2806,162,5.5
5149,AR,Yell,9266,8642,624,6.7,8936,8482,454,5.1,8668,8281,387,4.5
51510,VA,Alexandria city,93257,89443,3814,4.1,94136,91040,3096,3.3,96239,93414,2825,2.9
51520,VA,Bristol city,8003,7419,584,7.3,7511,7109,402,5.4,7438,7057,381,5.1
51530,VA,Buena Vista city,3263,3005,258,7.9,3293,3126,167,5.1,3271,3103,168,5.1
51540,VA,Charlottesville city,23430,22230,1200,5.1,24639,23730,909,3.7,24842,23995,847,3.4
51550,VA,Chesapeake city,115188,107798,7390,6.4,116286,111008,5278,4.5,117771,112686,5085,4.3
51570,VA,Colonial Heights city,8617,8018,599,7,8664,8255,409,4.7,8700,8306,394,4.5
51580,VA,Covington city,2644,2407,237,9,2418,2272,146,6,2379,2238,141,5.9
51590,VA,Danville city,19971,17906,2065,10.3,19111,17732,1379,7.2,19083,17914,1169,6.1
51595,VA,Emporia city,2471,2210,261,10.6,2244,2088,156,7,2242,2096,146,6.5
51600,VA,Fairfax city,12933,12376,557,4.3,12797,12349,448,3.5,12953,12553,400,3.1
51610,VA,Falls Church city,7728,7419,309,4,7843,7604,239,3,7968,7748,220,2.8
51620,VA,Franklin city,3729,3357,372,10,3608,3366,242,6.7,3533,3316,217,6.1
51630,VA,Fredericksburg city,13600,12641,959,7.1,13364,12650,714,5.3,13541,12886,655,4.8
51640,VA,Galax city,3058,2787,271,8.9,2945,2784,161,5.5,2898,2753,145,5
51650,VA,Hampton city,65983,60542,5441,8.2,64245,60387,3858,6,63883,60204,3679,5.8
51660,VA,Harrisonburg city,24127,22350,1777,7.4,23877,22611,1266,5.3,24197,23017,1180,4.9
51670,VA,Hopewell city,9742,8762,980,10.1,9619,8890,729,7.6,9765,9121,644,6.6
51678,VA,Lexington city,2284,2084,200,8.8,2251,2098,153,6.8,2262,2122,140,6.2
51680,VA,Lynchburg city,35600,32940,2660,7.5,35620,33627,1993,5.6,35471,33608,1863,5.3
51683,VA,Manassas city,21926,20699,1227,5.6,21589,20693,896,4.2,21563,20777,786,3.6
51685,VA,Manassas Park city,8754,8291,463,5.3,8332,7983,349,4.2,8468,8156,312,3.7
51690,VA,Martinsville city,5746,5010,736,12.8,5355,4885,470,8.8,5156,4788,368,7.1
51700,VA,Newport News city,90033,83286,6747,7.5,88789,83959,4830,5.4,88716,84126,4590,5.2
51710,VA,Norfolk city,112848,104251,8597,7.6,110498,104330,6168,5.6,110200,104318,5882,5.3
51720,VA,Norton city,1994,1841,153,7.7,1732,1612,120,6.9,1659,1544,115,6.9
51730,VA,Petersburg city,13623,11995,1628,12,13498,12260,1238,9.2,13191,12147,1044,7.9
51735,VA,Poquoson city,6361,6017,344,5.4,6199,5959,240,3.9,6158,5940,218,3.5
51740,VA,Portsmouth city,45724,41698,4026,8.8,44242,41486,2756,6.2,44009,41276,2733,6.2
51750,VA,Radford city,8109,7465,644,7.9,8290,7821,469,5.7,8247,7796,451,5.5
51760,VA,Richmond city,109323,101135,8188,7.5,112678,106801,5877,5.2,114503,109125,5378,4.7
51770,VA,Roanoke city,49653,46074,3579,7.2,48894,46501,2393,4.9,48866,46742,2124,4.3
51775,VA,Salem city,12915,12148,767,5.9,12762,12199,563,4.4,12873,12361,512,4
51790,VA,Staunton city,11825,11066,759,6.4,11807,11293,514,4.4,11775,11310,465,3.9
51800,VA,Suffolk city,41803,38869,2934,7,42280,40183,2097,5,42903,40871,2032,4.7
51810,VA,Virginia Beach city,229035,215892,13143,5.7,228721,218915,9806,4.3,228884,219722,9162,4
51820,VA,Waynesboro city,10041,9335,706,7,10008,9529,479,4.8,10177,9750,427,4.2
51830,VA,Williamsburg city,6845,6274,571,8.3,6656,6234,422,6.3,6704,6329,375,5.6
51840,VA,Winchester city,14246,13294,952,6.7,14196,13574,622,4.4,14304,13726,578,4
53001,WA,Adams,8230,7482,748,9.1,8609,8009,600,7,8711,8150,561,6.4
53003,WA,Asotin,9763,9003,760,7.8,9666,9200,466,4.8,9956,9462,494,5
53005,WA,Benton,92041,83467,8574,9.3,91650,85485,6165,6.7,94235,88317,5918,6.3
53007,WA,Chelan,41395,38084,3311,8,42588,40198,2390,5.6,43265,40797,2468,5.7
53009,WA,Clallam,28153,25210,2943,10.5,26774,24590,2184,8.2,27298,25231,2067,7.6
53011,WA,Clark,209404,189704,19700,9.4,214098,200230,13868,6.5,220633,207286,13347,6
53013,WA,Columbia,1821,1670,151,8.3,1692,1581,111,6.6,1717,1606,111,6.5
53015,WA,Cowlitz,44553,39791,4762,10.7,44070,40645,3425,7.8,44818,41623,3195,7.1
53017,WA,Douglas,19262,17512,1750,9.1,19754,18480,1274,6.4,20526,19116,1410,6.9
53019,WA,Ferry,2444,2061,383,15.7,2473,2220,253,10.2,2491,2235,256,10.3
53021,WA,Franklin,39167,35366,3801,9.7,38937,35958,2979,7.7,39829,36877,2952,7.4
53023,WA,Garfield,1020,942,78,7.6,929,871,58,6.2,919,866,53,5.8
53025,WA,Grant,43914,39740,4174,9.5,44658,41381,3277,7.3,44550,41379,3171,7.1
53027,WA,Grays Harbor,28876,25129,3747,13,26896,24443,2453,9.1,27224,24965,2259,8.3
53029,WA,Island,32528,29879,2649,8.1,31728,29776,1952,6.2,32715,30794,1921,5.9
53031,WA,Jefferson,11930,10740,1190,10,11187,10384,803,7.2,11500,10691,809,7
53033,WA,King,1122834,1051837,70997,6.3,1183214,1132658,50556,4.3,1211626,1163875,47751,3.9
53035,WA,Kitsap,116110,106945,9165,7.9,115217,108775,6442,5.6,118087,111546,6541,5.5
53037,WA,Kittitas,20583,18773,1810,8.8,20822,19519,1303,6.3,21520,20243,1277,5.9
53039,WA,Klickitat,9939,8921,1018,10.2,9447,8764,683,7.2,9638,8984,654,6.8
53041,WA,Lewis,32233,28372,3861,12,31195,28552,2643,8.5,31899,29420,2479,7.8
53043,WA,Lincoln,5245,4863,382,7.3,4871,4584,287,5.9,4888,4616,272,5.6
53045,WA,Mason,23551,20983,2568,10.9,22993,21181,1812,7.9,23489,21723,1766,7.5
53047,WA,Okanogan,21146,19140,2006,9.5,21214,19732,1482,7,21396,19977,1419,6.6
53049,WA,Pacific,8193,7206,987,12,8091,7358,733,9.1,8285,7621,664,8
53051,WA,Pend Oreille,4813,4199,614,12.8,4597,4150,447,9.7,4658,4244,414,8.9
53053,WA,Pierce,386969,350908,36061,9.3,391872,366533,25339,6.5,404347,380137,24210,6
53055,WA,San Juan,8105,7584,521,6.4,7712,7337,375,4.9,7870,7503,367,4.7
53057,WA,Skagit,57112,51599,5513,9.7,56640,52777,3863,6.8,57929,54172,3757,6.5
53059,WA,Skamania,5033,4502,531,10.6,4943,4574,369,7.5,5070,4720,350,6.9
53061,WA,Snohomish,385500,356761,28739,7.5,403394,384614,18780,4.7,414786,396826,17960,4.3
53063,WA,Spokane,230421,209506,20915,9.1,227632,212682,14950,6.6,234348,220149,14199,6.1
53065,WA,Stevens,18222,16079,2143,11.8,17431,15866,1565,9,17876,16410,1466,8.2
53067,WA,Thurston,123207,112813,10394,8.4,125599,118055,7544,6,129691,122413,7278,5.6
53069,WA,Wahkiakum,1376,1201,175,12.7,1292,1175,117,9.1,1288,1177,111,8.6
53071,WA,Walla Walla,29564,27361,2203,7.5,28019,26362,1657,5.9,28695,27149,1546,5.4
53073,WA,Whatcom,103136,94735,8401,8.1,104151,97912,6239,6,107044,100841,6203,5.8
53075,WA,Whitman,22415,20940,1475,6.6,22725,21613,1112,4.9,23091,21940,1151,5
53077,WA,Yakima,121082,108267,12815,10.6,121673,111772,9901,8.1,125788,116297,9491,7.5
54001,WV,Barbour,6728,6168,560,8.3,6896,6386,510,7.4,6963,6489,474,6.8
54003,WV,Berkeley,52263,48774,3489,6.7,53893,51250,2643,4.9,54111,51966,2145,4
54005,WV,Boone,8921,7994,927,10.4,8181,7386,795,9.7,7992,7264,728,9.1
54007,WV,Braxton,5411,4826,585,10.8,5459,4972,487,8.9,5494,5012,482,8.8
54009,WV,Brooke,10649,9718,931,8.7,10083,9344,739,7.3,9984,9280,704,7.1
54011,WV,Cabell,43037,40228,2809,6.5,41267,39023,2244,5.4,41232,39247,1985,4.8
54013,WV,Calhoun,2843,2527,316,11.1,2760,2416,344,12.5,2623,2286,337,12.8
54015,WV,Clay,3530,3105,425,12,3270,2905,365,11.2,3260,2922,338,10.4
54017,WV,Doddridge,3405,3190,215,6.3,3641,3440,201,5.5,3783,3587,196,5.2
54019,WV,Fayette,17576,16054,1522,8.7,16270,14874,1396,8.6,15980,14712,1268,7.9
54021,WV,Gilmer,2771,2555,216,7.8,2704,2493,211,7.8,2541,2331,210,8.3
54023,WV,Grant,6171,5627,544,8.8,5761,5325,436,7.6,5958,5604,354,5.9
54025,WV,Greenbrier,15490,14254,1236,8,15354,14347,1007,6.6,15692,14844,848,5.4
54027,WV,Hampshire,9736,8963,773,7.9,9621,9083,538,5.6,9900,9469,431,4.4
54029,WV,Hancock,13753,12476,1277,9.3,12990,11978,1012,7.8,12863,11962,901,7
54031,WV,Hardy,5570,4979,591,10.6,5467,5058,409,7.5,5720,5394,326,5.7
54033,WV,Harrison,31407,29358,2049,6.5,31832,29825,2007,6.3,32361,30471,1890,5.8
54035,WV,Jackson,12015,10988,1027,8.5,11905,11047,858,7.2,12010,11231,779,6.5
54037,WV,Jefferson,27507,26019,1488,5.4,27741,26601,1140,4.1,28569,27607,962,3.4
54039,WV,Kanawha,91341,85308,6033,6.6,86171,81006,5165,6,85335,80673,4662,5.5
54041,WV,Lewis,7381,6861,520,7,6973,6399,574,8.2,6831,6250,581,8.5
54043,WV,Lincoln,7706,6910,796,10.3,7352,6636,716,9.7,7293,6670,623,8.5
54045,WV,Logan,12904,11646,1258,9.7,11491,10202,1289,11.2,11163,10024,1139,10.2
54047,WV,McDowell,6599,5802,797,12.1,5341,4660,681,12.8,5085,4467,618,12.2
54049,WV,Marion,26833,25103,1730,6.4,26006,24224,1782,6.9,25682,24002,1680,6.5
54051,WV,Marshall,14325,13170,1155,8.1,14044,12855,1189,8.5,14072,12950,1122,8
54053,WV,Mason,10902,9826,1076,9.9,9962,9113,849,8.5,10035,9319,716,7.1
54055,WV,Mercer,23431,21470,1961,8.4,21956,20363,1593,7.3,21697,20245,1452,6.7
54057,WV,Mineral,12095,11071,1024,8.5,11616,10764,852,7.3,11914,11204,710,6
54059,WV,Mingo,8988,8115,873,9.7,7225,6273,952,13.2,6731,5882,849,12.6
54061,WV,Monongalia,49695,47114,2581,5.2,50436,48062,2374,4.7,51304,49084,2220,4.3
54063,WV,Monroe,5733,5318,415,7.2,5746,5426,320,5.6,5981,5709,272,4.5
54065,WV,Morgan,7589,7033,556,7.3,7469,7059,410,5.5,7658,7322,336,4.4
54067,WV,Nicholas,10832,9827,1005,9.3,9930,9031,899,9.1,9591,8745,846,8.8
54069,WV,Ohio,21355,19994,1361,6.4,20648,19490,1158,5.6,20637,19492,1145,5.5
54071,WV,Pendleton,3636,3389,247,6.8,3572,3406,166,4.6,3656,3514,142,3.9
54073,WV,Pleasants,2878,2627,251,8.7,2983,2730,253,8.5,2955,2713,242,8.2
54075,WV,Pocahontas,3623,3255,368,10.2,3590,3297,293,8.2,3728,3480,248,6.7
54077,WV,Preston,14778,13735,1043,7.1,14629,13717,912,6.2,14859,14005,854,5.7
54079,WV,Putnam,26373,24679,1694,6.4,25519,24091,1428,5.6,25786,24526,1260,4.9
54081,WV,Raleigh,32843,30456,2387,7.3,30328,28089,2239,7.4,29947,27853,2094,7
54083,WV,Randolph,12078,11023,1055,8.7,11892,11058,834,7,12211,11480,731,6
54085,WV,Ritchie,4382,4059,323,7.4,4492,4178,314,7,4566,4267,299,6.5
54087,WV,Roane,5326,4720,606,11.4,5220,4620,600,11.5,5204,4668,536,10.3
54089,WV,Summers,4637,4226,411,8.9,4518,4200,318,7,4572,4292,280,6.1
54091,WV,Taylor,7562,7045,517,6.8,7735,7272,463,6,7822,7381,441,5.6
54093,WV,Tucker,3192,2934,258,8.1,3421,3212,209,6.1,3477,3289,188,5.4
54095,WV,Tyler,3661,3325,336,9.2,3654,3312,342,9.4,3549,3233,316,8.9
54097,WV,Upshur,9986,9206,780,7.8,9656,8880,776,8,9810,9070,740,7.5
54099,WV,Wayne,16389,15143,1246,7.6,15561,14454,1107,7.1,15538,14512,1026,6.6
54101,WV,Webster,3604,3218,386,10.7,3470,3208,262,7.6,3491,3200,291,8.3
54103,WV,Wetzel,7262,6582,680,9.4,7157,6441,716,10,7205,6539,666,9.2
54105,WV,Wirt,2297,2045,252,11,2255,2022,233,10.3,2232,2036,196,8.8
54107,WV,Wood,38543,35739,2804,7.3,37051,34718,2333,6.3,36836,34720,2116,5.7
54109,WV,Wyoming,8379,7610,769,9.2,7742,6996,746,9.6,7423,6666,757,10.2
55001,WI,Adams,8984,8002,982,10.9,8330,7724,606,7.3,8299,7799,500,6
55003,WI,Ashland,8237,7473,764,9.3,7925,7429,496,6.3,7971,7539,432,5.4
55005,WI,Barron,23711,21839,1872,7.9,24463,23241,1222,5,24401,23291,1110,4.5
55007,WI,Bayfield,7796,6955,841,10.8,7532,6904,628,8.3,7551,7030,521,6.9
55009,WI,Brown,137667,128636,9031,6.6,139239,133568,5671,4.1,141443,136333,5110,3.6
55011,WI,Buffalo,6639,6223,416,6.3,6536,6215,321,4.9,6586,6292,294,4.5
55013,WI,Burnett,7540,6859,681,9,7274,6764,510,7,7192,6760,432,6
55015,WI,Calumet,27296,25837,1459,5.3,27461,26481,980,3.6,27773,26883,890,3.2
55017,WI,Chippewa,33263,31011,2252,6.8,33152,31588,1564,4.7,33430,32008,1422,4.3
55019,WI,Clark,17098,15829,1269,7.4,17428,16665,763,4.4,17567,16881,686,3.9
55021,WI,Columbia,31327,29057,2270,7.2,31344,29973,1371,4.4,31638,30499,1139,3.6
55023,WI,Crawford,8302,7599,703,8.5,7905,7442,463,5.9,7939,7551,388,4.9
55025,WI,Dane,297434,282937,14497,4.9,310760,300863,9897,3.2,318384,309310,9074,2.9
55027,WI,Dodge,47740,44326,3414,7.2,47546,45449,2097,4.4,47965,46217,1748,3.6
55029,WI,Door,15765,14146,1619,10.3,15488,14454,1034,6.7,15540,14769,771,5
55031,WI,Douglas,23432,21826,1606,6.9,23354,22197,1157,5,23618,22380,1238,5.2
55033,WI,Dunn,23431,21890,1541,6.6,23775,22706,1069,4.5,24374,23379,995,4.1
55035,WI,Eau Claire,58257,54879,3378,5.8,58159,55944,2215,3.8,58996,56984,2012,3.4
55037,WI,Florence,2211,2027,184,8.3,2213,2064,149,6.7,2233,2101,132,5.9
55039,WI,Fond du Lac,56122,52478,3644,6.5,57033,54708,2325,4.1,57047,55042,2005,3.5
55041,WI,Forest,4142,3687,455,11,3997,3698,299,7.5,4008,3759,249,6.2
55043,WI,Grant,27698,26042,1656,6,28165,26930,1235,4.4,28261,27157,1104,3.9
55045,WI,Green,20832,19531,1301,6.2,21092,20288,804,3.8,21251,20544,707,3.3
55047,WI,Green Lake,10314,9539,775,7.5,9995,9453,542,5.4,9783,9305,478,4.9
55049,WI,Iowa,13549,12646,903,6.7,13694,13112,582,4.3,13726,13245,481,3.5
55051,WI,Iron,2783,2492,291,10.5,2622,2391,231,8.8,2644,2447,197,7.5
55053,WI,Jackson,10315,9562,753,7.3,10348,9854,494,4.8,10349,9896,453,4.4
55055,WI,Jefferson,46217,43133,3084,6.7,45653,43720,1933,4.2,45797,44017,1780,3.9
55057,WI,Juneau,13584,12444,1140,8.4,13512,12817,695,5.1,13566,12965,601,4.4
55059,WI,Kenosha,87025,79931,7094,8.2,87534,83081,4453,5.1,88690,84565,4125,4.7
55061,WI,Kewaunee,11017,10296,721,6.5,10894,10448,446,4.1,11057,10651,406,3.7
55063,WI,La Crosse,66416,62803,3613,5.4,66619,64050,2569,3.9,67699,65258,2441,3.6
55065,WI,Lafayette,9399,8872,527,5.6,9748,9390,358,3.7,9864,9550,314,3.2
55067,WI,Langlade,9974,9047,927,9.3,9476,8899,577,6.1,9596,9098,498,5.2
55069,WI,Lincoln,15111,13730,1381,9.1,15258,14496,762,5,15293,14625,668,4.4
55071,WI,Manitowoc,43692,40298,3394,7.8,41901,39798,2103,5,41933,40128,1805,4.3
55073,WI,Marathon,71645,66399,5246,7.3,73458,70503,2955,4,73771,71151,2620,3.6
55075,WI,Marinette,21448,19658,1790,8.3,20748,19543,1205,5.8,20277,19166,1111,5.5
55077,WI,Marquette,7580,6911,669,8.8,7499,7039,460,6.1,7570,7185,385,5.1
55078,WI,Menominee,1589,1330,259,16.3,1604,1449,155,9.7,1578,1458,120,7.6
55079,WI,Milwaukee,476469,435423,41046,8.6,477049,449639,27410,5.7,477610,453900,23710,5
55081,WI,Monroe,22786,21126,1660,7.3,22836,21819,1017,4.5,23075,22193,882,3.8
55083,WI,Oconto,20661,18927,1734,8.4,20344,19294,1050,5.2,20510,19601,909,4.4
55085,WI,Oneida,19139,17474,1665,8.7,18638,17561,1077,5.8,18629,17721,908,4.9
55087,WI,Outagamie,100332,93885,6447,6.4,101956,97919,4037,4,104081,100418,3663,3.5
55089,WI,Ozaukee,47379,44775,2604,5.5,48238,46460,1778,3.7,49144,47506,1638,3.3
55091,WI,Pepin,4076,3844,232,5.7,4108,3936,172,4.2,4176,4017,159,3.8
55093,WI,Pierce,23895,22576,1319,5.5,24134,23186,948,3.9,24734,23734,1000,4
55095,WI,Polk,24001,22070,1931,8,24609,23420,1189,4.8,24933,23791,1142,4.6
55097,WI,Portage,38919,36072,2847,7.3,39587,37769,1818,4.6,39574,38064,1510,3.8
55099,WI,Price,7049,6519,530,7.5,6852,6547,305,4.5,6897,6601,296,4.3
55101,WI,Racine,100428,92033,8395,8.4,99357,93779,5578,5.6,99941,95020,4921,4.9
55103,WI,Richland,9709,9102,607,6.3,9294,8904,390,4.2,9284,8935,349,3.8
55105,WI,Rock,81435,74652,6783,8.3,83346,79023,4323,5.2,84290,80583,3707,4.4
55107,WI,Rusk,6782,6169,613,9,6997,6614,383,5.5,7018,6660,358,5.1
55109,WI,St. Croix,47486,44758,2728,5.7,48811,46942,1869,3.8,49769,47895,1874,3.8
55111,WI,Sauk,35637,33178,2459,6.9,35305,33855,1450,4.1,35308,34049,1259,3.6
55113,WI,Sawyer,8278,7387,891,10.8,7817,7198,619,7.9,7937,7441,496,6.2
55115,WI,Shawano,21621,19894,1727,8,21287,20250,1037,4.9,21339,20453,886,4.2
55117,WI,Sheboygan,60308,56177,4131,6.8,61252,58942,2310,3.8,61857,59760,2097,3.4
55119,WI,Taylor,11080,10283,797,7.2,10700,10228,472,4.4,11103,10645,458,4.1
55121,WI,Trempealeau,16367,15433,934,5.7,16616,15966,650,3.9,16700,16084,616,3.7
55123,WI,Vernon,15043,14084,959,6.4,15494,14858,636,4.1,15793,15216,577,3.7
55125,WI,Vilas,10101,9088,1013,10,10002,9300,702,7,9998,9430,568,5.7
55127,WI,Walworth,56034,51975,4059,7.2,56987,54344,2643,4.6,57824,55517,2307,4
55129,WI,Washburn,8089,7450,639,7.9,7958,7530,428,5.4,7993,7595,398,5
55131,WI,Washington,75075,70465,4610,6.1,76067,73215,2852,3.7,77359,74774,2585,3.3
55133,WI,Waukesha,217591,205072,12519,5.8,221401,212995,8406,3.8,225291,217528,7763,3.4
55135,WI,Waupaca,27389,25311,2078,7.6,27038,25784,1254,4.6,27028,25962,1066,3.9
55137,WI,Waushara,12020,10968,1052,8.8,11490,10766,724,6.3,11506,10927,579,5
55139,WI,Winnebago,92509,86348,6161,6.7,91455,87579,3876,4.2,93262,89943,3319,3.6
55141,WI,Wood,39716,36722,2994,7.5,34426,32528,1898,5.5,34692,33054,1638,4.7
56001,WY,Albany,20736,19845,891,4.3,20655,20000,655,3.2,20988,20315,673,3.2
56003,WY,Big Horn,5637,5320,317,5.6,5563,5315,248,4.5,5544,5268,276,5
56005,WY,Campbell,26119,24907,1212,4.6,25834,24810,1024,4,24427,22667,1760,7.2
56007,WY,Carbon,8215,7790,425,5.2,8445,8129,316,3.7,8369,7976,393,4.7
56009,WY,Converse,7976,7634,342,4.3,8322,8015,307,3.7,7883,7391,492,6.2
56011,WY,Crook,3814,3628,186,4.9,3711,3581,130,3.5,3742,3570,172,4.6
56013,WY,Fremont,21271,19989,1282,6,20265,19134,1131,5.6,20051,18607,1444,7.2
56015,WY,Goshen,7511,7160,351,4.7,7086,6851,235,3.3,7034,6790,244,3.5
56017,WY,Hot Springs,2578,2456,122,4.7,2402,2301,101,4.2,2427,2310,117,4.8
56019,WY,Johnson,4472,4234,238,5.3,4206,3999,207,4.9,4211,3985,226,5.4
56021,WY,Laramie,47711,44967,2744,5.8,48668,46726,1942,4,48836,46805,2031,4.2
56023,WY,Lincoln,8274,7685,589,7.1,8422,8022,400,4.7,8731,8320,411,4.7
56025,WY,Natrona,42388,40242,2146,5.1,42882,40766,2116,4.9,41038,38106,2932,7.1
56027,WY,Niobrara,1381,1328,53,3.8,1329,1289,40,3,1339,1295,44,3.3
56029,WY,Park,16262,15360,902,5.5,15782,15099,683,4.3,15943,15188,755,4.7
56031,WY,Platte,4787,4553,234,4.9,4916,4722,194,3.9,4778,4548,230,4.8
56033,WY,Sheridan,15903,14916,987,6.2,15945,15265,680,4.3,16139,15377,762,4.7
56035,WY,Sublette,5572,5300,272,4.9,4574,4334,240,5.2,4235,3962,273,6.4
56037,WY,Sweetwater,24138,22986,1152,4.8,22766,21687,1079,4.7,22154,20811,1343,6.1
56039,WY,Teton,13805,12881,924,6.7,14708,14134,574,3.9,15257,14729,528,3.5
56041,WY,Uinta,10263,9689,574,5.6,9683,9195,488,5,9433,8884,549,5.8
56043,WY,Washakie,4487,4254,233,5.2,4271,4091,180,4.2,4217,4016,201,4.8
56045,WY,Weston,3972,3811,161,4.1,3965,3829,136,3.4,3962,3764,198,5
6001,CA,Alameda,798416,729049,69367,8.7,819713,780846,38867,4.7,832455,796753,35702,4.3
6003,CA,Alpine,544,483,61,11.2,549,509,40,7.3,555,519,36,6.5
6005,CA,Amador,14672,12873,1799,12.3,14328,13382,946,6.6,14534,13670,864,5.9
6007,CA,Butte,100990,88718,12272,12.2,101133,93880,7253,7.2,101713,94995,6718,6.6
6009,CA,Calaveras,20201,17705,2496,12.4,20565,19254,1311,6.4,20812,19632,1180,5.7
6011,CA,Colusa,11272,8935,2337,20.7,11052,9353,1699,15.4,10910,9214,1696,15.5
6013,CA,Contra Costa,535786,487887,47899,8.9,545081,517678,27403,5,553635,528876,24759,4.5
6015,CA,Del Norte,10496,9076,1420,13.5,9862,9020,842,8.5,9762,9028,734,7.5
6017,CA,El Dorado,89051,79958,9093,10.2,87962,82941,5021,5.7,88888,84324,4564,5.1
6019,CA,Fresno,440031,373457,66574,15.1,440530,395656,44874,10.2,444982,402728,42254,9.5
6021,CA,Glenn,13148,11283,1865,14.2,12971,11841,1130,8.7,12956,11878,1078,8.3
6023,CA,Humboldt,64279,58120,6159,9.6,62338,58854,3484,5.6,62468,59391,3077,4.9
6025,CA,Imperial,79265,57586,21679,27.4,76722,57934,18788,24.5,75207,57049,18158,24.1
6027,CA,Inyo,9557,8690,867,9.1,9089,8563,526,5.8,8865,8397,468,5.3
6029,CA,Kern,391888,340355,51533,13.1,390337,350477,39860,10.2,388311,348006,40305,10.4
6031,CA,Kings,58807,50049,8758,14.9,57756,51691,6065,10.5,57189,51492,5697,10
6033,CA,Lake,29509,25738,3771,12.8,29027,26823,2204,7.6,29086,27133,1953,6.7
6035,CA,Lassen,11471,10042,1429,12.5,10768,9990,778,7.2,10369,9650,719,6.9
6037,CA,Los Angeles,4915263,4378392,536871,10.9,4989791,4659651,330140,6.6,5041430,4776678,264752,5.3
6039,CA,Madera,62530,53495,9035,14.4,59836,53546,6290,10.5,61085,55443,5642,9.2
6041,CA,Marin,136911,128310,8601,6.3,138814,133882,4932,3.6,139744,135162,4582,3.3
6043,CA,Mariposa,8375,7352,1023,12.2,8017,7445,572,7.1,7573,7054,519,6.9
6045,CA,Mendocino,40953,36841,4112,10,39863,37546,2317,5.8,39644,37555,2089,5.3
6047,CA,Merced,115016,96236,18780,16.3,114106,101153,12953,11.4,114393,102304,12089,10.6
6049,CA,Modoc,3612,3092,520,14.4,3306,3023,283,8.6,3294,3037,257,7.8
6051,CA,Mono,8401,7532,869,10.3,8246,7741,505,6.1,8372,7923,449,5.4
6053,CA,Monterey,217796,192600,25196,11.6,218367,200694,17673,8.1,218899,202158,16741,7.6
6055,CA,Napa,71816,65755,6061,8.4,73784,70376,3408,4.6,72994,69862,3132,4.3
6057,CA,Nevada,48363,43649,4714,9.7,48047,45443,2604,5.4,48182,45879,2303,4.8
6059,CA,Orange,1562136,1439270,122866,7.9,1585762,1514904,70858,4.5,1598784,1534101,64683,4
6061,CA,Placer,174919,158545,16374,9.4,176495,167571,8924,5.1,179769,171704,8065,4.5
6063,CA,Plumas,8485,7115,1370,16.1,7895,7085,810,10.3,7854,7091,763,9.7
6065,CA,Riverside,987076,872251,114825,11.6,1034249,964997,69252,6.7,1052365,988072,64293,6.1
6067,CA,Sacramento,681281,609691,71590,10.5,685132,644079,41053,6,694482,656950,37532,5.4
6069,CA,San Benito,28677,24936,3741,13,29779,27529,2250,7.6,30453,28423,2030,6.7
6071,CA,San Bernardino,892212,790420,101792,11.4,919978,860777,59201,6.4,930888,877173,53715,5.8
6073,CA,San Diego,1540441,1399879,140562,9.1,1550059,1469475,80584,5.2,1564339,1490482,73857,4.7
6075,CA,San Francisco/city,509444,474933,34511,6.8,541937,522202,19735,3.6,555755,537455,18300,3.3
6077,CA,San Joaquin,311818,267059,44759,14.4,314590,286629,27961,8.9,318508,292630,25878,8.1
6079,CA,San Luis Obispo,137362,126037,11325,8.2,139039,132465,6574,4.7,139585,133558,6027,4.3
6081,CA,San Mateo,412056,385661,26395,6.4,434661,419819,14842,3.4,442147,428667,13480,3
6083,CA,Santa Barbara,216005,197919,18086,8.4,217344,205843,11501,5.3,215420,204513,10907,5.1
6085,CA,Santa Clara,958281,882982,75299,7.9,1013160,971131,42029,4.1,1028720,989938,38782,3.8
6087,CA,Santa Cruz,142063,125257,16806,11.8,143323,132596,10727,7.5,143850,133851,9999,7
6089,CA,Shasta,76009,65229,10780,14.2,74172,68408,5764,7.8,74255,69082,5173,7
6091,CA,Sierra,1469,1258,211,14.4,1362,1243,119,8.7,1334,1233,101,7.6
6093,CA,Siskiyou,18876,15929,2947,15.6,17894,16219,1675,9.4,17906,16385,1521,8.5
6095,CA,Solano,202661,180984,21677,10.7,205023,192470,12553,6.1,207419,196011,11408,5.5
6097,CA,Sonoma,246281,224462,21819,8.9,257893,246328,11565,4.5,259412,249100,10312,4
6099,CA,Stanislaus,241965,205940,36025,14.9,241118,218236,22882,9.5,242879,221970,20909,8.6
6101,CA,Sutter,45557,37901,7656,16.8,44754,39973,4781,10.7,45006,40649,4357,9.7
6103,CA,Tehama,25248,21780,3468,13.7,25036,23057,1979,7.9,25088,23302,1786,7.1
6105,CA,Trinity,5330,4550,780,14.6,5144,4745,399,7.8,4996,4642,354,7.1
6107,CA,Tulare,201287,168764,32523,16.2,202210,178710,23500,11.6,203393,180666,22727,11.2
6109,CA,Tuolumne,22315,19419,2896,13,21547,20029,1518,7,21582,20240,1342,6.2
6111,CA,Ventura,434681,395158,39523,9.1,427597,403472,24125,5.6,425658,403448,22210,5.2
6113,CA,Yolo,102610,91689,10921,10.6,104234,97502,6732,6.5,106150,99902,6248,5.9
6115,CA,Yuba,28832,24395,4437,15.4,27741,25165,2576,9.3,28170,25746,2424,8.6
72001,PR,Adjuntas Municipio,4976,3898,1078,21.7,4385,3608,777,17.7,4465,3714,751,16.8
72003,PR,Aguada Municipio,12716,10387,2329,18.3,11824,10171,1653,14,11898,10238,1660,14
72005,PR,Aguadilla Municipio,16155,13142,3013,18.7,14766,12693,2073,14,14895,12681,2214,14.9
72007,PR,Aguas Buenas Municipio,7363,5995,1368,18.6,6826,5829,997,14.6,6781,5810,971,14.3
72009,PR,Aibonito Municipio,7232,5856,1376,19,6647,5678,969,14.6,6668,5676,992,14.9
72011,PR,Anasco Municipio,9355,7765,1590,17,8855,7701,1154,13,8886,7744,1142,12.9
72013,PR,Arecibo Municipio,25539,21489,4050,15.9,23921,20597,3324,13.9,23978,20818,3160,13.2
72015,PR,Arroyo Municipio,5724,4428,1296,22.6,5190,4213,977,18.8,5136,4184,952,18.5
72017,PR,Barceloneta Municipio,6193,4995,1198,19.3,5907,5009,898,15.2,5857,5030,827,14.1
72019,PR,Barranquitas Municipio,7863,6589,1274,16.2,7420,6438,982,13.2,7475,6517,958,12.8
72021,PR,Bayamon Municipio,72108,64165,7943,11,67344,61086,6258,9.3,66306,60358,5948,9
72023,PR,Cabo Rojo Municipio,14582,12333,2249,15.4,14130,12403,1727,12.2,14156,12396,1760,12.4
72025,PR,Caguas Municipio,52230,45171,7059,13.5,48436,43420,5016,10.4,48226,43251,4975,10.3
72027,PR,Camuy Municipio,9980,8551,1429,14.3,9428,8216,1212,12.9,9497,8324,1173,12.4
72029,PR,Canovanas Municipio,16726,14402,2324,13.9,16267,14356,1911,11.7,16261,14394,1867,11.5
72031,PR,Carolina Municipio,66781,59747,7034,10.5,62759,57215,5544,8.8,62118,56753,5365,8.6
72033,PR,Catano Municipio,8713,7539,1174,13.5,8047,7206,841,10.5,7906,7114,792,10
72035,PR,Cayey Municipio,17454,14860,2594,14.9,16234,14491,1743,10.7,16207,14470,1737,10.7
72037,PR,Ceiba Municipio,4356,3527,829,19,3866,3331,535,13.8,3795,3299,496,13.1
72039,PR,Ciales Municipio,4285,3356,929,21.7,3914,3235,679,17.3,3836,3218,618,16.1
72041,PR,Cidra Municipio,16861,14413,2448,14.5,15544,14000,1544,9.9,15568,13976,1592,10.2
72043,PR,Coamo Municipio,11816,9339,2477,21,11018,8938,2080,18.9,10859,8897,1962,18.1
72045,PR,Comerio Municipio,5568,4434,1134,20.4,5153,4369,784,15.2,5067,4385,682,13.5
72047,PR,Corozal Municipio,9832,8260,1572,16,9417,8151,1266,13.4,9242,8108,1134,12.3
72049,PR,Culebra Municipio,840,792,48,5.7,844,813,31,3.7,895,865,30,3.4
72051,PR,Dorado Municipio,12971,11790,1181,9.1,12801,11800,1001,7.8,12915,11874,1041,8.1
72053,PR,Fajardo Municipio,12720,10430,2290,18,11550,9847,1703,14.7,11276,9721,1555,13.8
72054,PR,Florida Municipio,3665,2962,703,19.2,3399,2891,508,14.9,3367,2880,487,14.5
72055,PR,Guanica Municipio,4759,3577,1182,24.8,4203,3379,824,19.6,4138,3392,746,18
72057,PR,Guayama Municipio,13371,10581,2790,20.9,12240,10122,2118,17.3,12041,10069,1972,16.4
72059,PR,Guayanilla Municipio,5766,4532,1234,21.4,5317,4283,1034,19.4,5288,4299,989,18.7
72061,PR,Guaynabo Municipio,38890,36304,2586,6.6,37212,35047,2165,5.8,37162,34951,2211,5.9
72063,PR,Gurabo Municipio,17314,15360,1954,11.3,17288,15787,1501,8.7,17500,16015,1485,8.5
72065,PR,Hatillo Municipio,13435,11252,2183,16.2,13062,11023,2039,15.6,13312,11245,2067,15.5
72067,PR,Hormigueros Municipio,5916,5036,880,14.9,5582,4934,648,11.6,5617,4930,687,12.2
72069,PR,Humacao Municipio,19211,15422,3789,19.7,17642,15042,2600,14.7,17452,14993,2459,14.1
72071,PR,Isabela Municipio,12597,10302,2295,18.2,12311,10759,1552,12.6,12602,10827,1775,14.1
72073,PR,Jayuya Municipio,4569,3799,770,16.9,4157,3542,615,14.8,4218,3673,545,12.9
72075,PR,Juana Diaz Municipio,16438,13747,2691,16.4,15754,13367,2387,15.2,15584,13329,2255,14.5
72077,PR,Juncos Municipio,12888,10785,2103,16.3,12475,10741,1734,13.9,12451,10809,1642,13.2
72079,PR,Lajas Municipio,6133,4715,1418,23.1,5608,4603,1005,17.9,5627,4577,1050,18.7
72081,PR,Lares Municipio,7728,6217,1511,19.6,7356,5859,1497,20.4,7405,5976,1429,19.3
72083,PR,Las Marias Municipio,3709,3108,601,16.2,2886,2401,485,16.8,2862,2437,425,14.8
72085,PR,Las Piedras Municipio,12063,9790,2273,18.8,11348,9756,1592,14,11357,9829,1528,13.5
72087,PR,Loiza Municipio,9377,8171,1206,12.9,8791,7759,1032,11.7,8647,7669,978,11.3
72089,PR,Luquillo Municipio,6981,5609,1372,19.7,6453,5450,1003,15.5,6329,5431,898,14.2
72091,PR,Manati Municipio,12481,10606,1875,15,11672,10290,1382,11.8,11639,10288,1351,11.6
72093,PR,Maricao Municipio,2165,1765,400,18.5,1855,1549,306,16.5,1953,1656,297,15.2
72095,PR,Maunabo Municipio,3339,2574,765,22.9,3036,2477,559,18.4,3018,2465,553,18.3
72097,PR,Mayaguez Municipio,25685,21396,4289,16.7,23407,20246,3161,13.5,23206,20025,3181,13.7
72099,PR,Moca Municipio,11402,9200,2202,19.3,10639,8980,1659,15.6,10736,9067,1669,15.5
72101,PR,Morovis Municipio,8677,7088,1589,18.3,8135,6991,1144,14.1,8113,7023,1090,13.4
72103,PR,Naguabo Municipio,8566,7105,1461,17.1,8087,7023,1064,13.2,8081,7085,996,12.3
72105,PR,Naranjito Municipio,7774,6460,1314,16.9,7305,6307,998,13.7,7255,6315,940,13
72107,PR,Orocovis Municipio,5726,4588,1138,19.9,5252,4395,857,16.3,5199,4394,805,15.5
72109,PR,Patillas Municipio,5462,4090,1372,25.1,4846,3836,1010,20.8,4810,3818,992,20.6
72111,PR,Penuelas Municipio,6843,5444,1399,20.4,6245,5154,1091,17.5,6116,5096,1020,16.7
72113,PR,Ponce Municipio,52179,43880,8299,15.9,48398,41681,6717,13.9,47774,41369,6405,13.4
72115,PR,Quebradillas Municipio,6372,5194,1178,18.5,6037,5025,1012,16.8,6075,5106,969,16
72117,PR,Rincon Municipio,4811,3912,899,18.7,4638,3874,764,16.5,4627,3905,722,15.6
72119,PR,Rio Grande Municipio,17927,15704,2223,12.4,17057,15295,1762,10.3,17081,15292,1789,10.5
72121,PR,Sabana Grande Municipio,7032,5563,1469,20.9,6364,5424,940,14.8,6440,5420,1020,15.8
72123,PR,Salinas Municipio,8978,6741,2237,24.9,7896,5992,1904,24.1,7561,5924,1637,21.7
72125,PR,San German Municipio,11171,9128,2043,18.3,10328,8871,1457,14.1,10348,8769,1579,15.3
72127,PR,San Juan Municipio,145024,132233,12791,8.8,135740,125426,10314,7.6,135057,124410,10647,7.9
72129,PR,San Lorenzo Municipio,12713,10710,2003,15.8,11977,10409,1568,13.1,11900,10411,1489,12.5
72131,PR,San Sebastian Municipio,11317,8813,2504,22.1,10673,8553,2120,19.9,10712,8688,2024,18.9
72133,PR,Santa Isabel Municipio,9892,7914,1978,20,9531,7790,1741,18.3,9889,8238,1651,16.7
72135,PR,Toa Alta Municipio,26636,23951,2685,10.1,26332,24137,2195,8.3,26531,24327,2204,8.3
72137,PR,Toa Baja Municipio,31909,28534,3375,10.6,30026,27313,2713,9,29730,27052,2678,9
72139,PR,Trujillo Alto Municipio,28626,26231,2395,8.4,27208,25305,1903,7,27107,25157,1950,7.2
72141,PR,Utuado Municipio,7551,6088,1463,19.4,6923,5816,1107,16,6879,5813,1066,15.5
72143,PR,Vega Alta Municipio,10301,8845,1456,14.1,9870,8718,1152,11.7,9870,8734,1136,11.5
72145,PR,Vega Baja Municipio,14796,12435,2361,16,13818,11920,1898,13.7,13722,11821,1901,13.9
72147,PR,Vieques Municipio,3043,2651,392,12.9,3194,2832,362,11.3,3257,2912,345,10.6
72149,PR,Villalba Municipio,8308,6584,1724,20.8,7801,6262,1539,19.7,7808,6231,1577,20.2
72151,PR,Yabucoa Municipio,10302,7903,2399,23.3,9196,7592,1604,17.4,9073,7540,1533,16.9
72153,PR,Yauco Municipio,11531,9140,2391,20.7,10745,8716,2029,18.9,10726,8713,2013,18.8
8001,CO,Adams,239471,216923,22548,9.4,248066,237328,10738,4.3,253825,244897,8928,3.5
8003,CO,Alamosa,7753,6943,810,10.4,7659,7266,393,5.1,7974,7657,317,4
8005,CO,Arapahoe,322881,297947,24934,7.7,334731,322320,12411,3.7,340924,330523,10401,3.1
8007,CO,Archuleta,5736,5160,576,10,6018,5776,242,4,6371,6165,206,3.2
8009,CO,Baca,2015,1924,91,4.5,1972,1932,40,2,2094,2059,35,1.7
8011,CO,Bent,1722,1578,144,8.4,1734,1666,68,3.9,1853,1797,56,3
8013,CO,Boulder,174313,163471,10842,6.2,176969,171382,5587,3.2,181034,176281,4753,2.6
8014,CO,Broomfield/city,32275,30129,2146,6.6,35579,34409,1170,3.3,36815,35767,1048,2.8
8015,CO,Chaffee,8367,7796,571,6.8,8503,8214,289,3.4,8851,8620,231,2.6
8017,CO,Cheyenne,1010,964,46,4.6,1011,984,27,2.7,1082,1058,24,2.2
8019,CO,Clear Creek,5486,5100,386,7,5551,5348,203,3.7,5693,5513,180,3.2
8021,CO,Conejos,3711,3317,394,10.6,3602,3398,204,5.7,3775,3594,181,4.8
8023,CO,Costilla,1603,1420,183,11.4,1624,1520,104,6.4,1730,1648,82,4.7
8025,CO,Crowley,1362,1252,110,8.1,1355,1295,60,4.4,1423,1374,49,3.4
8027,CO,Custer,1986,1860,126,6.3,1991,1921,70,3.5,2020,1958,62,3.1
8029,CO,Delta,14406,13010,1396,9.7,13456,12691,765,5.7,13969,13293,676,4.8
8031,CO,Denver/city,357670,329577,28093,7.9,376007,362183,13824,3.7,385402,373636,11766,3.1
8033,CO,Dolores,949,852,97,10.2,1325,1284,41,3.1,1072,1031,41,3.8
8035,CO,Douglas,160907,151248,9659,6,172348,167035,5313,3.1,177701,173038,4663,2.6
8037,CO,Eagle,32349,30032,2317,7.2,32784,31760,1024,3.1,33758,32846,912,2.7
8039,CO,Elbert,12692,11789,903,7.1,13276,12860,416,3.1,13812,13459,353,2.6
8041,CO,El Paso,307002,279826,27176,8.9,308006,293933,14073,4.6,314984,303345,11639,3.7
8043,CO,Fremont,15633,13810,1823,11.7,14515,13624,891,6.1,14717,13968,749,5.1
8045,CO,Garfield,31490,28813,2677,8.5,30501,29242,1259,4.1,31024,29957,1067,3.4
8047,CO,Gilpin,3267,3049,218,6.7,3401,3296,105,3.1,3488,3406,82,2.4
8049,CO,Grand,8747,8113,634,7.2,9065,8774,291,3.2,9197,8954,243,2.6
8051,CO,Gunnison,9832,9244,588,6,9802,9514,288,2.9,10146,9917,229,2.3
8053,CO,Hinsdale,436,415,21,4.8,441,427,14,3.2,448,437,11,2.5
8055,CO,Huerfano,2634,2259,375,14.2,2372,2190,182,7.7,2503,2347,156,6.2
8057,CO,Jackson,826,783,43,5.2,835,804,31,3.7,892,869,23,2.6
8059,CO,Jefferson,304298,281809,22489,7.4,309200,298346,10854,3.5,315665,306485,9180,2.9
8061,CO,Kiowa,817,780,37,4.5,792,771,21,2.7,847,830,17,2
8063,CO,Kit Carson,4229,4041,188,4.4,4325,4222,103,2.4,4543,4448,95,2.1
8065,CO,Lake,4523,4133,390,8.6,4572,4396,176,3.8,4622,4492,130,2.8
8067,CO,La Plata,29663,27693,1970,6.6,29891,28866,1025,3.4,31017,30141,876,2.8
8069,CO,Larimer,172883,161287,11596,6.7,180786,174834,5952,3.3,187550,182372,5178,2.8
8071,CO,Las Animas,6963,6127,836,12,6135,5792,343,5.6,6192,5884,308,5
8073,CO,Lincoln,2157,2017,140,6.5,2171,2098,73,3.4,2282,2224,58,2.5
8075,CO,Logan,11067,10405,662,6,10944,10612,332,3,11026,10707,319,2.9
8077,CO,Mesa,74945,67680,7265,9.7,71875,67916,3959,5.5,72159,68373,3786,5.2
8079,CO,Mineral,444,420,24,5.4,445,429,16,3.6,464,454,10,2.2
8081,CO,Moffat,7743,7104,639,8.3,7114,6792,322,4.5,7189,6908,281,3.9
8083,CO,Montezuma,12917,11813,1104,8.5,12352,11653,699,5.7,12735,12112,623,4.9
8085,CO,Montrose,19836,17787,2049,10.3,19348,18376,972,5,20086,19268,818,4.1
8087,CO,Morgan,14981,13967,1014,6.8,14685,14130,555,3.8,15054,14542,512,3.4
8089,CO,Otero,8401,7538,863,10.3,7891,7435,456,5.8,8121,7745,376,4.6
8091,CO,Ouray,2085,1890,195,9.4,2157,2064,93,4.3,2168,2088,80,3.7
8093,CO,Park,9302,8662,640,6.9,9379,9058,321,3.4,9844,9574,270,2.7
8095,CO,Phillips,2141,2031,110,5.1,2360,2304,56,2.4,2474,2426,48,1.9
8097,CO,Pitkin,10911,10126,785,7.2,10749,10336,413,3.8,10747,10390,357,3.3
8099,CO,Prowers,6097,5671,426,7,5819,5585,234,4,6010,5819,191,3.2
8101,CO,Pueblo,74490,66523,7967,10.7,71778,67743,4035,5.6,73155,69712,3443,4.7
8103,CO,Rio Blanco,3091,2833,258,8.3,2809,2662,147,5.2,2740,2603,137,5
8105,CO,Rio Grande,5104,4481,623,12.2,4871,4565,306,6.3,5161,4909,252,4.9
8107,CO,Routt,14373,13338,1035,7.2,14295,13833,462,3.2,14923,14538,385,2.6
8109,CO,Saguache,3055,2716,339,11.1,3082,2893,189,6.1,3230,3075,155,4.8
8111,CO,San Juan,535,482,53,9.9,471,451,20,4.2,480,463,17,3.5
8113,CO,San Miguel,4856,4475,381,7.8,5078,4887,191,3.8,5190,5024,166,3.2
8115,CO,Sedgwick,1119,1041,78,7,1148,1109,39,3.4,1179,1152,27,2.3
8117,CO,Summit,19325,18158,1167,6,20583,20066,517,2.5,21150,20719,431,2
8119,CO,Teller,11912,10912,1000,8.4,11416,10910,506,4.4,11743,11315,428,3.6
8121,CO,Washington,2636,2507,129,4.9,2787,2716,71,2.5,2923,2861,62,2.1
8123,CO,Weld,136906,126256,10650,7.8,147936,142272,5664,3.8,150089,145044,5045,3.4
8125,CO,Yuma,4884,4633,251,5.1,5137,5003,134,2.6,5444,5330,114,2.1
9001,CT,Fairfield,472641,435831,36810,7.8,478906,453260,25646,5.4,480522,457108,23414,4.9
9003,CT,Hartford,472917,432601,40316,8.5,474485,446684,27801,5.9,474523,449088,25435,5.4
9005,CT,Litchfield,106179,98110,8069,7.6,105249,99809,5440,5.2,104779,99828,4951,4.7
9007,CT,Middlesex,92000,85416,6584,7.2,92085,87537,4548,4.9,92223,88120,4103,4.4
9009,CT,New Haven,456070,414528,41542,9.1,454262,425936,28326,6.2,455053,429903,25150,5.5
9011,CT,New London,139621,127534,12087,8.7,136118,128031,8087,5.9,136008,129023,6985,5.1
9013,CT,Tolland,84759,78545,6214,7.3,85144,80924,4220,5,85364,81528,3836,4.5
9015,CT,Windham,63231,57271,5960,9.4,62630,58661,3969,6.3,62804,59308,3496,5.6
